0 0.812012 0.241758 0.038086 0.029304
0 0.777832 0.242857 0.036133 0.030037
0 0.744141 0.243590 0.037109 0.030037
0 0.709961 0.244322 0.037109 0.030037
0 0.675781 0.244689 0.037109 0.029304
0 0.642578 0.245421 0.037109 0.029304
0 0.608887 0.246154 0.038086 0.029304
0 0.575684 0.246886 0.036133 0.029304
0 0.541992 0.247619 0.037109 0.029304
0 0.508789 0.248352 0.037109 0.029304
0 0.812012 0.269963 0.038086 0.030037
0 0.778320 0.270696 0.037109 0.030037
0 0.744141 0.271429 0.037109 0.030037
0 0.709961 0.272527 0.037109 0.029304
0 0.676270 0.273260 0.036133 0.029304
0 0.642578 0.273993 0.037109 0.029304
0 0.609375 0.274725 0.037109 0.029304
0 0.575684 0.275092 0.036133 0.030037
0 0.541992 0.275824 0.037109 0.030037
0 0.508789 0.276557 0.037109 0.030037
0 0.812500 0.298168 0.037109 0.029304
0 0.778320 0.298901 0.037109 0.029304
0 0.744141 0.299634 0.037109 0.029304
0 0.709961 0.300733 0.037109 0.030037
0 0.676758 0.301099 0.037109 0.029304
0 0.643555 0.301832 0.037109 0.029304
0 0.609375 0.302564 0.037109 0.029304
0 0.576172 0.303297 0.037109 0.029304
0 0.542969 0.304029 0.037109 0.029304
0 0.509277 0.304396 0.036133 0.028571
0 0.812500 0.342857 0.037109 0.029304
0 0.778320 0.343590 0.037109 0.029304
0 0.744629 0.344322 0.038086 0.029304
0 0.710938 0.345055 0.037109 0.029304
0 0.643555 0.345788 0.037109 0.029304
0 0.676758 0.345788 0.037109 0.029304
0 0.610352 0.346520 0.037109 0.029304
0 0.576660 0.347253 0.036133 0.029304
0 0.543457 0.347985 0.036133 0.029304
0 0.510254 0.348352 0.036133 0.028571
0 0.814941 0.477656 0.038086 0.029304
0 0.778809 0.477656 0.038086 0.029304
0 0.743164 0.478388 0.037109 0.029304
0 0.707031 0.478755 0.037109 0.028571
0 0.609375 0.479853 0.037109 0.029304
0 0.645020 0.479487 0.038086 0.028571
0 0.574219 0.480220 0.037109 0.028571
0 0.539062 0.480952 0.037109 0.028571
0 0.442383 0.481685 0.037109 0.028571
0 0.477051 0.481685 0.036133 0.028571
0 0.372070 0.482418 0.037109 0.028571
0 0.407227 0.482418 0.037109 0.028571
0 0.311035 0.483516 0.036133 0.029304
0 0.276367 0.483883 0.037109 0.028571
0 0.241211 0.484249 0.037109 0.029304
0 0.206055 0.484615 0.037109 0.028571
0 0.815430 0.505495 0.037109 0.029304
0 0.743652 0.506227 0.038086 0.029304
0 0.779297 0.506227 0.037109 0.029304
0 0.708008 0.506960 0.037109 0.029304
0 0.645508 0.507326 0.037109 0.028571
0 0.610352 0.507692 0.037109 0.029304
0 0.539062 0.508425 0.037109 0.029304
0 0.574707 0.508059 0.036133 0.028571
0 0.477539 0.509158 0.037109 0.029304
0 0.442383 0.509524 0.037109 0.028571
0 0.407715 0.509890 0.036133 0.029304
0 0.372559 0.510256 0.036133 0.028571
0 0.311035 0.510989 0.036133 0.028571
0 0.276367 0.511355 0.037109 0.029304
0 0.241699 0.511722 0.036133 0.028571
0 0.206543 0.512454 0.036133 0.028571
0 0.815918 0.533333 0.038086 0.029304
0 0.780273 0.534066 0.037109 0.029304
0 0.744141 0.534066 0.037109 0.029304
0 0.708008 0.534799 0.037109 0.029304
0 0.610352 0.535531 0.037109 0.029304
0 0.646484 0.535165 0.037109 0.028571
0 0.575195 0.535897 0.037109 0.028571
0 0.540039 0.536264 0.037109 0.029304
0 0.478027 0.536996 0.036133 0.029304
0 0.443359 0.537363 0.037109 0.028571
0 0.407715 0.537729 0.036133 0.029304
0 0.373047 0.538095 0.037109 0.028571
0 0.311523 0.538828 0.037109 0.028571
0 0.276855 0.538828 0.036133 0.028571
0 0.207031 0.539927 0.037109 0.029304
0 0.241699 0.539560 0.036133 0.028571
0 0.816895 0.561905 0.038086 0.029304
0 0.780762 0.561905 0.038086 0.029304
0 0.708984 0.562637 0.037109 0.029304
0 0.744629 0.562271 0.038086 0.028571
0 0.646484 0.563370 0.037109 0.029304
0 0.611328 0.563370 0.037109 0.029304
0 0.540039 0.564103 0.037109 0.029304
0 0.575195 0.563736 0.037109 0.028571
0 0.443359 0.564835 0.037109 0.029304
0 0.478516 0.564835 0.037109 0.029304
0 0.373047 0.565568 0.037109 0.029304
0 0.408203 0.565568 0.037109 0.029304
0 0.312012 0.566300 0.036133 0.029304
0 0.242188 0.567033 0.037109 0.029304
0 0.276855 0.566667 0.036133 0.028571
0 0.207031 0.567399 0.037109 0.028571
0 0.817871 0.589744 0.038086 0.029304
0 0.781250 0.589744 0.037109 0.029304
0 0.745117 0.590476 0.037109 0.029304
0 0.709473 0.590476 0.038086 0.029304
0 0.611328 0.591209 0.037109 0.029304
0 0.647461 0.591209 0.037109 0.029304
0 0.576172 0.591575 0.037109 0.028571
0 0.541016 0.591941 0.037109 0.029304
0 0.443359 0.592674 0.037109 0.029304
0 0.478516 0.592308 0.037109 0.028571
0 0.408691 0.593040 0.036133 0.028571
0 0.373535 0.593407 0.036133 0.029304
0 0.277344 0.594139 0.037109 0.029304
0 0.312012 0.593773 0.036133 0.028571
0 0.242676 0.594505 0.036133 0.028571
0 0.207031 0.595238 0.037109 0.028571
0 0.817871 0.618315 0.038086 0.029304
0 0.782227 0.618315 0.037109 0.029304
0 0.746094 0.618315 0.037109 0.029304
0 0.647461 0.619048 0.037109 0.029304
0 0.709961 0.618681 0.037109 0.028571
0 0.612305 0.619048 0.037109 0.029304
0 0.541016 0.619780 0.037109 0.029304
0 0.576660 0.619780 0.038086 0.029304
0 0.444336 0.620513 0.037109 0.029304
0 0.479492 0.620513 0.037109 0.029304
0 0.374023 0.621245 0.037109 0.029304
0 0.409180 0.620879 0.037109 0.028571
0 0.312500 0.621978 0.037109 0.029304
0 0.277344 0.621978 0.037109 0.029304
0 0.207520 0.622711 0.036133 0.029304
0 0.242676 0.622344 0.036133 0.028571
0 0.818848 0.646154 0.038086 0.029304
0 0.782715 0.646154 0.038086 0.029304
0 0.710938 0.646886 0.037109 0.029304
0 0.746582 0.646886 0.038086 0.029304
0 0.648438 0.646886 0.037109 0.029304
0 0.577148 0.647619 0.037109 0.029304
0 0.612305 0.647253 0.037109 0.028571
0 0.541992 0.647619 0.037109 0.029304
0 0.444336 0.648352 0.037109 0.029304
0 0.479492 0.648352 0.037109 0.029304
0 0.374023 0.649084 0.037109 0.029304
0 0.409180 0.648718 0.037109 0.028571
0 0.277344 0.649817 0.037109 0.029304
0 0.312500 0.649817 0.037109 0.029304
0 0.207520 0.650549 0.036133 0.029304
0 0.242676 0.650183 0.036133 0.028571
0 0.820312 0.674725 0.039062 0.029304
0 0.747559 0.674725 0.038086 0.029304
0 0.783691 0.674725 0.038086 0.029304
0 0.711426 0.674725 0.038086 0.029304
0 0.613281 0.675458 0.037109 0.029304
0 0.648926 0.675458 0.038086 0.029304
0 0.541992 0.675458 0.037109 0.029304
0 0.577148 0.675458 0.037109 0.029304
0 0.480469 0.676190 0.037109 0.029304
0 0.445312 0.676190 0.037109 0.029304
0 0.374512 0.676923 0.036133 0.029304
0 0.409668 0.676557 0.036133 0.028571
0 0.277832 0.677656 0.036133 0.029304
0 0.312988 0.677656 0.036133 0.029304
0 0.208008 0.678388 0.037109 0.029304
0 0.242676 0.678022 0.036133 0.028571
0 0.820801 0.703297 0.038086 0.029304
0 0.748535 0.703297 0.038086 0.029304
0 0.784668 0.703297 0.038086 0.029304
0 0.712402 0.703297 0.038086 0.029304
0 0.649414 0.703297 0.037109 0.029304
0 0.480469 0.704029 0.037109 0.029304
0 0.578125 0.704029 0.037109 0.029304
0 0.542969 0.704029 0.037109 0.029304
0 0.613770 0.703663 0.038086 0.028571
0 0.445312 0.704396 0.037109 0.028571
0 0.410156 0.704762 0.037109 0.029304
0 0.375000 0.704762 0.037109 0.029304
0 0.312988 0.705495 0.036133 0.029304
0 0.277832 0.705495 0.036133 0.029304
0 0.208008 0.706227 0.037109 0.029304
0 0.242676 0.706227 0.036133 0.029304
0 0.822266 0.732234 0.039062 0.030037
0 0.749512 0.731868 0.038086 0.029304
0 0.614258 0.731868 0.037109 0.029304
0 0.542969 0.731868 0.037109 0.029304
0 0.785645 0.731868 0.038086 0.029304
0 0.712891 0.731868 0.037109 0.029304
0 0.650391 0.731868 0.037109 0.029304
0 0.578613 0.731868 0.038086 0.029304
0 0.480957 0.732234 0.036133 0.030037
0 0.445312 0.732601 0.037109 0.029304
0 0.410156 0.732601 0.037109 0.029304
0 0.375000 0.733333 0.037109 0.029304
0 0.313477 0.733333 0.037109 0.029304
0 0.242676 0.734066 0.036133 0.029304
0 0.208008 0.734432 0.037109 0.030037
0 0.278320 0.734066 0.037109 0.029304
0 0.823242 0.760806 0.039062 0.030037
0 0.750488 0.760440 0.038086 0.029304
0 0.786621 0.760440 0.038086 0.029304
0 0.713867 0.760440 0.037109 0.029304
0 0.579102 0.760440 0.037109 0.029304
0 0.650879 0.760440 0.038086 0.029304
0 0.615234 0.760440 0.037109 0.029304
0 0.481445 0.760440 0.037109 0.029304
0 0.543945 0.760440 0.037109 0.029304
0 0.446289 0.760806 0.037109 0.030037
0 0.375000 0.761172 0.037109 0.029304
0 0.410645 0.761172 0.036133 0.029304
0 0.313477 0.761905 0.037109 0.029304
0 0.278320 0.761905 0.037109 0.029304
0 0.243164 0.761905 0.037109 0.029304
0 0.207520 0.762637 0.038086 0.029304
0 0.787598 0.789377 0.038086 0.030037
0 0.751465 0.789377 0.038086 0.030037
0 0.651855 0.789377 0.038086 0.030037
0 0.714844 0.789377 0.037109 0.030037
0 0.543945 0.789011 0.037109 0.029304
0 0.615723 0.789011 0.038086 0.029304
0 0.580078 0.789011 0.037109 0.029304
0 0.481445 0.789377 0.037109 0.030037
0 0.824219 0.790110 0.039062 0.030037
0 0.446289 0.789744 0.037109 0.029304
0 0.375977 0.789744 0.037109 0.029304
0 0.411133 0.789744 0.037109 0.029304
0 0.313477 0.790476 0.037109 0.029304
0 0.278320 0.790476 0.037109 0.029304
0 0.243164 0.790476 0.037109 0.029304
0 0.207520 0.791209 0.038086 0.029304
0 0.751953 0.817949 0.039062 0.030037
0 0.652344 0.817949 0.037109 0.030037
0 0.616211 0.817949 0.037109 0.030037
0 0.715332 0.817949 0.038086 0.030037
0 0.482422 0.817949 0.037109 0.030037
0 0.411133 0.817949 0.037109 0.030037
0 0.446289 0.817949 0.037109 0.030037
0 0.544922 0.817582 0.037109 0.029304
0 0.580566 0.817582 0.038086 0.029304
0 0.825195 0.819048 0.039062 0.030769
0 0.788574 0.818315 0.038086 0.029304
0 0.313477 0.818681 0.037109 0.030037
0 0.375977 0.818315 0.037109 0.029304
0 0.278320 0.819048 0.037109 0.029304
0 0.243164 0.819048 0.037109 0.029304
0 0.207520 0.819414 0.038086 0.030037
0 0.581055 0.846520 0.037109 0.030037
0 0.617188 0.846520 0.037109 0.030037
0 0.544922 0.846520 0.037109 0.030037
0 0.411133 0.846520 0.037109 0.030037
0 0.447266 0.846520 0.037109 0.030037
0 0.789551 0.847253 0.038086 0.030037
0 0.652832 0.847253 0.038086 0.030037
0 0.752441 0.846886 0.038086 0.029304
0 0.716309 0.847253 0.038086 0.030037
0 0.375977 0.846886 0.037109 0.029304
0 0.482422 0.846886 0.037109 0.029304
0 0.313477 0.847253 0.037109 0.030037
0 0.826172 0.847985 0.039062 0.030037
0 0.208008 0.847985 0.037109 0.030037
0 0.243164 0.847619 0.037109 0.029304
0 0.278320 0.847619 0.037109 0.029304
0 0.447266 0.875092 0.037109 0.030037
0 0.753418 0.875824 0.038086 0.030037
0 0.617676 0.875824 0.038086 0.030037
0 0.375977 0.875824 0.037109 0.030037
0 0.717285 0.876190 0.038086 0.030769
0 0.545898 0.875824 0.037109 0.030037
0 0.581543 0.875458 0.038086 0.029304
0 0.483398 0.875824 0.037109 0.030037
0 0.412109 0.875458 0.037109 0.029304
0 0.278320 0.875824 0.037109 0.030037
0 0.243164 0.875824 0.037109 0.030037
0 0.827148 0.877289 0.039062 0.031502
0 0.653809 0.876557 0.038086 0.030037
0 0.790527 0.876557 0.038086 0.030037
0 0.208008 0.876557 0.037109 0.030037
0 0.313477 0.876190 0.037109 0.029304
1 0.462891 0.396703 0.027344 0.021245
0 0.487305 0.396337 0.027344 0.020513
0 0.511719 0.395971 0.027344 0.021245
0 0.535156 0.395604 0.027344 0.020513
2 0.463867 0.415018 0.027344 0.019780
0 0.487305 0.414652 0.027344 0.020513
0 0.511719 0.414652 0.027344 0.020513
0 0.535645 0.413919 0.028320 0.020513
3 0.463867 0.433700 0.027344 0.020513
0 0.487305 0.432967 0.027344 0.020513
0 0.511719 0.432967 0.027344 0.020513
0 0.536133 0.432601 0.027344 0.021245
