0 0.793457 0.192308 0.038086 0.030037
0 0.758301 0.193773 0.038086 0.030037
0 0.724121 0.194872 0.038086 0.029304
0 0.689941 0.195971 0.038086 0.030037
0 0.655762 0.197070 0.038086 0.029304
0 0.621582 0.197802 0.038086 0.029304
0 0.587402 0.198535 0.038086 0.029304
0 0.553711 0.198901 0.037109 0.028571
0 0.519531 0.199634 0.037109 0.028571
0 0.485352 0.199634 0.037109 0.028571
0 0.794434 0.220879 0.038086 0.030037
0 0.759277 0.221978 0.038086 0.029304
0 0.725098 0.223077 0.038086 0.030037
0 0.690918 0.223810 0.038086 0.030037
0 0.656738 0.224908 0.038086 0.029304
0 0.622559 0.225641 0.038086 0.029304
0 0.588379 0.226007 0.038086 0.028571
0 0.520020 0.227106 0.038086 0.029304
0 0.554199 0.226740 0.038086 0.028571
0 0.486328 0.227473 0.037109 0.028571
0 0.795410 0.248718 0.038086 0.030037
0 0.760742 0.250183 0.039062 0.030037
0 0.726074 0.250916 0.038086 0.030037
0 0.691895 0.252015 0.038086 0.029304
0 0.657715 0.252747 0.038086 0.029304
0 0.623535 0.253480 0.038086 0.029304
0 0.589355 0.253846 0.038086 0.028571
0 0.555176 0.254212 0.038086 0.029304
0 0.520996 0.254579 0.038086 0.028571
0 0.486816 0.254945 0.038086 0.029304
0 0.796875 0.293407 0.039062 0.030037
0 0.762207 0.294505 0.038086 0.029304
0 0.728027 0.295238 0.038086 0.029304
0 0.692871 0.295971 0.038086 0.029304
0 0.659180 0.296703 0.037109 0.029304
0 0.590332 0.297436 0.038086 0.029304
0 0.624512 0.297070 0.038086 0.028571
0 0.556152 0.297802 0.038086 0.028571
0 0.521973 0.298168 0.038086 0.029304
0 0.487793 0.298535 0.038086 0.028571
0 0.804688 0.429304 0.039062 0.029304
0 0.767578 0.430037 0.039062 0.029304
0 0.730469 0.430403 0.039062 0.030037
0 0.694336 0.430769 0.039062 0.029304
0 0.629883 0.431502 0.039062 0.029304
0 0.556152 0.432234 0.038086 0.029304
0 0.592773 0.432234 0.039062 0.029304
0 0.519043 0.432967 0.038086 0.029304
0 0.454590 0.434066 0.038086 0.030037
0 0.417480 0.434432 0.038086 0.029304
0 0.343262 0.435165 0.038086 0.029304
0 0.380371 0.435165 0.038086 0.029304
0 0.163574 0.435897 0.040039 0.029304
0 0.240234 0.435897 0.039062 0.029304
0 0.202148 0.435897 0.039062 0.029304
0 0.277832 0.435897 0.038086 0.029304
0 0.769531 0.458242 0.039062 0.030037
0 0.806641 0.457875 0.039062 0.029304
0 0.732422 0.458974 0.039062 0.030037
0 0.695312 0.459341 0.039062 0.029304
0 0.630859 0.460073 0.039062 0.029304
0 0.557129 0.461172 0.038086 0.030037
0 0.594238 0.460806 0.038086 0.029304
0 0.520020 0.461905 0.038086 0.030037
0 0.455078 0.462637 0.039062 0.030037
0 0.417969 0.463370 0.039062 0.030037
0 0.343262 0.464103 0.038086 0.030037
0 0.380859 0.463736 0.039062 0.029304
0 0.239746 0.464835 0.040039 0.030037
0 0.277832 0.464835 0.038086 0.030037
0 0.162598 0.465201 0.040039 0.029304
0 0.201660 0.465201 0.040039 0.029304
0 0.808594 0.486813 0.039062 0.030037
0 0.771484 0.486813 0.039062 0.030037
0 0.734375 0.487546 0.039062 0.030037
0 0.697266 0.488278 0.039062 0.030037
0 0.632324 0.489011 0.040039 0.030037
0 0.558594 0.489744 0.039062 0.030037
0 0.595215 0.489744 0.038086 0.030037
0 0.520996 0.490476 0.038086 0.030037
0 0.455566 0.491575 0.038086 0.030769
0 0.418457 0.491941 0.038086 0.030037
0 0.381348 0.492674 0.038086 0.030037
0 0.343750 0.493407 0.039062 0.030037
0 0.239258 0.494139 0.039062 0.030037
0 0.201172 0.494505 0.039062 0.030769
0 0.277344 0.494139 0.039062 0.030037
0 0.162598 0.494872 0.040039 0.030037
0 0.810547 0.515751 0.039062 0.030769
0 0.772949 0.516117 0.040039 0.030037
0 0.736328 0.516850 0.039062 0.030037
0 0.699219 0.517216 0.039062 0.030769
0 0.633789 0.517949 0.039062 0.030769
0 0.596680 0.518315 0.039062 0.030037
0 0.559570 0.519048 0.039062 0.030037
0 0.521484 0.519780 0.039062 0.030037
0 0.456055 0.520513 0.039062 0.030037
0 0.418945 0.521245 0.039062 0.030037
0 0.343750 0.522344 0.039062 0.030769
0 0.381348 0.521978 0.038086 0.030037
0 0.277344 0.523077 0.039062 0.030769
0 0.200684 0.523810 0.040039 0.030769
0 0.239258 0.523810 0.039062 0.030769
0 0.161621 0.524542 0.040039 0.030769
0 0.812012 0.544689 0.040039 0.030037
0 0.774902 0.545421 0.040039 0.030037
0 0.737793 0.545788 0.040039 0.030769
0 0.700195 0.546520 0.039062 0.030769
0 0.634766 0.547253 0.039062 0.030769
0 0.597656 0.547985 0.039062 0.030769
0 0.560547 0.548352 0.039062 0.030037
0 0.522461 0.549084 0.039062 0.030037
0 0.457031 0.550183 0.039062 0.030769
0 0.418945 0.550549 0.039062 0.030037
0 0.343750 0.551648 0.039062 0.030769
0 0.381836 0.551282 0.039062 0.030037
0 0.238770 0.553114 0.040039 0.030769
0 0.277344 0.552747 0.039062 0.030037
0 0.161621 0.553846 0.040039 0.030769
0 0.200195 0.553846 0.039062 0.030769
0 0.814453 0.574359 0.039062 0.030769
0 0.776855 0.575092 0.040039 0.030769
0 0.739258 0.575092 0.039062 0.030769
0 0.702148 0.575824 0.039062 0.030769
0 0.636230 0.576923 0.040039 0.031502
0 0.598633 0.577289 0.039062 0.030769
0 0.561035 0.578022 0.040039 0.030769
0 0.523438 0.578755 0.039062 0.030769
0 0.457031 0.579487 0.039062 0.030769
0 0.419922 0.580220 0.039062 0.030769
0 0.381836 0.580952 0.039062 0.030769
0 0.343750 0.581685 0.039062 0.030769
0 0.277344 0.582418 0.039062 0.030769
0 0.238770 0.583150 0.040039 0.030769
0 0.199707 0.583516 0.040039 0.031502
0 0.160645 0.584249 0.040039 0.031502
0 0.778809 0.604396 0.040039 0.030769
0 0.816895 0.604396 0.040039 0.030769
0 0.741699 0.605128 0.040039 0.030769
0 0.703613 0.605861 0.040039 0.030769
0 0.637695 0.606593 0.039062 0.030769
0 0.599609 0.607326 0.039062 0.030769
0 0.562012 0.608059 0.040039 0.030769
0 0.524414 0.608425 0.039062 0.031502
0 0.458008 0.609524 0.039062 0.030769
0 0.419922 0.610256 0.039062 0.030769
0 0.381836 0.610989 0.039062 0.030769
0 0.343750 0.611355 0.039062 0.031502
0 0.276855 0.612454 0.040039 0.030769
0 0.238770 0.613553 0.040039 0.031502
0 0.199707 0.613919 0.040039 0.030769
0 0.160156 0.615018 0.041016 0.031502
0 0.819336 0.634066 0.041016 0.031502
0 0.781250 0.634799 0.041016 0.031502
0 0.743652 0.635165 0.040039 0.030769
0 0.705566 0.635897 0.040039 0.030769
0 0.639160 0.636630 0.040039 0.030769
0 0.601074 0.637363 0.040039 0.030769
0 0.562988 0.638095 0.040039 0.030769
0 0.525391 0.638462 0.039062 0.031502
0 0.458496 0.639927 0.040039 0.031502
0 0.420410 0.640293 0.040039 0.030769
0 0.382812 0.641026 0.039062 0.030769
0 0.343750 0.641758 0.039062 0.030769
0 0.276367 0.642857 0.039062 0.031502
0 0.237793 0.643590 0.040039 0.031502
0 0.198730 0.644322 0.040039 0.031502
0 0.159180 0.645421 0.041016 0.032234
0 0.784180 0.664835 0.041016 0.031502
0 0.822266 0.664835 0.041016 0.031502
0 0.745605 0.665568 0.040039 0.031502
0 0.707520 0.666300 0.040039 0.031502
0 0.640625 0.667033 0.041016 0.031502
0 0.602539 0.667766 0.039062 0.031502
0 0.564453 0.668498 0.039062 0.031502
0 0.526367 0.669231 0.039062 0.031502
0 0.458984 0.669963 0.039062 0.031502
0 0.420898 0.670696 0.039062 0.031502
0 0.382812 0.671429 0.039062 0.031502
0 0.344238 0.672161 0.040039 0.031502
0 0.276367 0.673626 0.039062 0.031502
0 0.237793 0.674359 0.040039 0.031502
0 0.198730 0.675458 0.040039 0.032234
0 0.158691 0.676190 0.041992 0.032234
0 0.825684 0.695238 0.041992 0.032234
0 0.786621 0.695971 0.041992 0.032234
0 0.748047 0.696703 0.041016 0.032234
0 0.709961 0.697070 0.041016 0.031502
0 0.642090 0.698168 0.040039 0.032234
0 0.565918 0.698901 0.040039 0.032234
0 0.604004 0.698535 0.040039 0.031502
0 0.526855 0.699634 0.040039 0.032234
0 0.459473 0.701099 0.040039 0.032234
0 0.421387 0.701832 0.040039 0.032234
0 0.382812 0.702564 0.039062 0.032234
0 0.344238 0.703297 0.040039 0.032234
0 0.275879 0.704762 0.040039 0.032234
0 0.236816 0.705495 0.040039 0.032234
0 0.197754 0.706593 0.040039 0.032967
0 0.158203 0.707326 0.041016 0.032967
0 0.829102 0.726740 0.042969 0.032234
0 0.790039 0.727473 0.042969 0.032234
0 0.751465 0.727839 0.041992 0.032967
0 0.711914 0.728205 0.041016 0.032234
0 0.644043 0.728938 0.040039 0.032234
0 0.605469 0.729670 0.041016 0.032234
0 0.566895 0.730403 0.040039 0.032234
0 0.527832 0.731136 0.040039 0.032234
0 0.460449 0.732234 0.040039 0.032967
0 0.421387 0.732967 0.040039 0.032967
0 0.382812 0.733700 0.039062 0.032967
0 0.344238 0.734799 0.040039 0.032234
0 0.275879 0.736264 0.040039 0.032234
0 0.236328 0.736996 0.041016 0.032234
0 0.196777 0.738095 0.040039 0.032967
0 0.157227 0.738828 0.041016 0.032967
0 0.793945 0.759341 0.042969 0.032967
0 0.833008 0.758974 0.042969 0.032234
0 0.754395 0.760073 0.041992 0.032967
0 0.714844 0.760440 0.041016 0.032234
0 0.646484 0.761172 0.041016 0.032234
0 0.607422 0.761905 0.041016 0.032234
0 0.568359 0.762271 0.041016 0.032967
0 0.528809 0.763004 0.040039 0.032967
0 0.460449 0.764103 0.040039 0.032234
0 0.421875 0.764835 0.039062 0.032234
0 0.383301 0.765568 0.040039 0.032234
0 0.344238 0.766300 0.040039 0.032234
0 0.274902 0.767766 0.040039 0.032234
0 0.235840 0.768864 0.040039 0.032967
0 0.196289 0.769963 0.041016 0.032234
0 0.156250 0.771062 0.041016 0.032967
0 0.837402 0.791575 0.043945 0.032967
0 0.757324 0.792308 0.041992 0.032967
0 0.797363 0.792308 0.043945 0.032967
0 0.717285 0.793040 0.041992 0.032967
0 0.647949 0.793773 0.041992 0.032967
0 0.608398 0.793773 0.041016 0.032967
0 0.569336 0.794505 0.041016 0.032967
0 0.530273 0.795238 0.041016 0.032967
0 0.461426 0.796703 0.040039 0.032967
0 0.422363 0.796703 0.040039 0.032967
0 0.383301 0.797436 0.040039 0.032967
0 0.344238 0.798535 0.040039 0.033700
0 0.274902 0.800366 0.040039 0.032967
0 0.235352 0.801099 0.041016 0.032967
0 0.195801 0.801832 0.040039 0.032967
0 0.155762 0.802930 0.041992 0.033700
0 0.841309 0.824908 0.043945 0.033700
0 0.800781 0.824908 0.042969 0.033700
0 0.760742 0.825641 0.042969 0.033700
0 0.720215 0.826007 0.041992 0.032967
0 0.650391 0.826740 0.042969 0.032967
0 0.610840 0.827106 0.041992 0.033700
0 0.570801 0.827473 0.041992 0.032967
0 0.531250 0.828205 0.041016 0.032967
0 0.461914 0.829304 0.041016 0.033700
0 0.422363 0.829670 0.040039 0.032967
0 0.383301 0.830403 0.040039 0.032967
0 0.343750 0.831136 0.041016 0.032967
0 0.273926 0.832601 0.040039 0.032967
0 0.234863 0.833333 0.040039 0.032967
0 0.194824 0.834066 0.040039 0.032967
0 0.154785 0.835165 0.041992 0.033700
0 0.845215 0.858608 0.043945 0.033700
0 0.804199 0.858974 0.043945 0.034432
0 0.763672 0.859341 0.042969 0.033700
0 0.723145 0.859707 0.041992 0.034432
0 0.652832 0.860440 0.041992 0.034432
0 0.612793 0.860806 0.041992 0.033700
0 0.572266 0.860806 0.041016 0.033700
0 0.532227 0.861538 0.041016 0.033700
0 0.422852 0.863004 0.041016 0.033700
0 0.462891 0.862637 0.041016 0.032967
0 0.383301 0.863370 0.040039 0.032967
0 0.343750 0.864469 0.041016 0.033700
0 0.273438 0.865934 0.041016 0.033700
0 0.233887 0.866300 0.040039 0.032967
0 0.194336 0.867033 0.041016 0.032967
0 0.154297 0.868132 0.041016 0.033700
1 0.439453 0.347253 0.027344 0.020513
0 0.464355 0.346886 0.028320 0.021245
0 0.489746 0.346520 0.028320 0.020513
0 0.514160 0.346154 0.028320 0.021245
2 0.439941 0.365568 0.028320 0.020513
0 0.464355 0.365568 0.028320 0.020513
0 0.489746 0.364835 0.028320 0.020513
0 0.515137 0.364469 0.028320 0.021245
3 0.439941 0.384615 0.028320 0.020513
0 0.465332 0.384249 0.028320 0.021245
0 0.490723 0.383883 0.028320 0.020513
0 0.515625 0.383516 0.029297 0.021245
