0 0.810547 0.198168 0.039062 0.030037
0 0.774414 0.199267 0.039062 0.030769
0 0.738770 0.200000 0.038086 0.030769
0 0.703125 0.201099 0.039062 0.030037
0 0.667480 0.201832 0.038086 0.030037
0 0.632324 0.202930 0.038086 0.030769
0 0.597656 0.203663 0.039062 0.030769
0 0.562988 0.204396 0.038086 0.030769
0 0.527832 0.204762 0.038086 0.030037
0 0.493164 0.205495 0.037109 0.030037
0 0.810547 0.227106 0.039062 0.030769
0 0.774902 0.228205 0.038086 0.030037
0 0.739258 0.228938 0.039062 0.030037
0 0.703613 0.229670 0.038086 0.030037
0 0.668457 0.230769 0.038086 0.030769
0 0.633301 0.231868 0.038086 0.030037
0 0.598145 0.232601 0.038086 0.030037
0 0.562988 0.233333 0.038086 0.030037
0 0.527832 0.234066 0.038086 0.030037
0 0.493652 0.234799 0.038086 0.030037
0 0.811523 0.256044 0.039062 0.030037
0 0.775391 0.256777 0.039062 0.030037
0 0.739746 0.257509 0.038086 0.030037
0 0.704102 0.258608 0.039062 0.030769
0 0.668457 0.259707 0.038086 0.030037
0 0.633301 0.260440 0.038086 0.030037
0 0.598145 0.261172 0.038086 0.030037
0 0.562988 0.262271 0.038086 0.030769
0 0.528320 0.262637 0.037109 0.030037
0 0.493652 0.263370 0.038086 0.030037
0 0.812500 0.301832 0.039062 0.030769
0 0.776367 0.302930 0.039062 0.030037
0 0.741211 0.303663 0.039062 0.030037
0 0.705078 0.304396 0.039062 0.030037
0 0.669434 0.305128 0.038086 0.030037
0 0.634277 0.305861 0.038086 0.030037
0 0.599121 0.306593 0.038086 0.030037
0 0.563965 0.307326 0.038086 0.030037
0 0.528809 0.308059 0.038086 0.030037
0 0.494141 0.308791 0.037109 0.030037
0 0.816895 0.443223 0.040039 0.030769
0 0.778809 0.443590 0.040039 0.030037
0 0.740234 0.443956 0.039062 0.030769
0 0.702148 0.444322 0.039062 0.030037
0 0.635742 0.445421 0.039062 0.030769
0 0.597656 0.445788 0.039062 0.030037
0 0.560547 0.446520 0.039062 0.030037
0 0.522949 0.447253 0.038086 0.030037
0 0.421387 0.447985 0.038086 0.030037
0 0.458496 0.447985 0.038086 0.030037
0 0.384277 0.448718 0.038086 0.030037
0 0.283691 0.449451 0.038086 0.030037
0 0.347656 0.449084 0.039062 0.029304
0 0.210449 0.450183 0.038086 0.030037
0 0.247070 0.450183 0.037109 0.030037
0 0.173828 0.450549 0.039062 0.029304
0 0.779785 0.473260 0.040039 0.030769
0 0.817871 0.472894 0.040039 0.030037
0 0.740723 0.473626 0.040039 0.030037
0 0.702637 0.473993 0.040039 0.030769
0 0.635742 0.474725 0.039062 0.030769
0 0.598633 0.475092 0.039062 0.030037
0 0.560547 0.475824 0.039062 0.030037
0 0.523438 0.476190 0.039062 0.030769
0 0.458496 0.476557 0.038086 0.030037
0 0.421387 0.477289 0.038086 0.030037
0 0.384277 0.477656 0.038086 0.030769
0 0.347656 0.478022 0.039062 0.030037
0 0.246582 0.478755 0.038086 0.030037
0 0.283691 0.478755 0.038086 0.030037
0 0.173340 0.479487 0.038086 0.030037
0 0.210449 0.479487 0.038086 0.030037
0 0.818848 0.502564 0.040039 0.030769
0 0.741699 0.503297 0.040039 0.030769
0 0.780762 0.502930 0.040039 0.030037
0 0.703613 0.503663 0.040039 0.030037
0 0.636719 0.504396 0.039062 0.030037
0 0.598633 0.504762 0.039062 0.030769
0 0.561035 0.505128 0.038086 0.030037
0 0.523926 0.505495 0.038086 0.030769
0 0.458496 0.505861 0.038086 0.030037
0 0.421387 0.506593 0.038086 0.030037
0 0.384277 0.506593 0.038086 0.030037
0 0.347168 0.507326 0.038086 0.030037
0 0.246094 0.508059 0.039062 0.030037
0 0.209473 0.508059 0.038086 0.030037
0 0.282715 0.508059 0.038086 0.030037
0 0.172852 0.508791 0.039062 0.030037
0 0.819824 0.532601 0.040039 0.030769
0 0.781250 0.532601 0.041016 0.030769
0 0.704590 0.533333 0.040039 0.030769
0 0.742676 0.533333 0.040039 0.030769
0 0.637207 0.534066 0.040039 0.030769
0 0.599609 0.534066 0.039062 0.030769
0 0.561523 0.534799 0.039062 0.030769
0 0.458496 0.535531 0.038086 0.030769
0 0.523926 0.535165 0.038086 0.030037
0 0.421387 0.535897 0.038086 0.030037
0 0.384277 0.535897 0.038086 0.030037
0 0.347168 0.536264 0.038086 0.030769
0 0.282715 0.536630 0.038086 0.030037
0 0.245605 0.537363 0.038086 0.030037
0 0.171875 0.537729 0.039062 0.030769
0 0.208984 0.537363 0.039062 0.030037
0 0.821289 0.562637 0.041016 0.030769
0 0.782715 0.562637 0.040039 0.030769
0 0.705078 0.563370 0.039062 0.030769
0 0.743652 0.563370 0.040039 0.030769
0 0.599609 0.564103 0.039062 0.030769
0 0.637695 0.563736 0.039062 0.030037
0 0.561523 0.564103 0.039062 0.030769
0 0.524414 0.564469 0.039062 0.030037
0 0.458496 0.565201 0.038086 0.030037
0 0.421387 0.565201 0.038086 0.030037
0 0.384277 0.565568 0.038086 0.030769
0 0.347168 0.565934 0.038086 0.030037
0 0.282227 0.565934 0.039062 0.030037
0 0.208496 0.566667 0.038086 0.030037
0 0.170898 0.567033 0.039062 0.030769
0 0.245117 0.566667 0.039062 0.030037
0 0.822266 0.593040 0.041016 0.031502
0 0.783691 0.593407 0.040039 0.030769
0 0.744629 0.593407 0.040039 0.030769
0 0.705566 0.593407 0.040039 0.030769
0 0.638184 0.593773 0.040039 0.031502
0 0.562500 0.594139 0.039062 0.030769
0 0.600586 0.594139 0.039062 0.030769
0 0.524414 0.594139 0.039062 0.030769
0 0.458984 0.594872 0.039062 0.030769
0 0.421387 0.594872 0.038086 0.030769
0 0.346680 0.595604 0.039062 0.030769
0 0.281738 0.595604 0.038086 0.030769
0 0.384277 0.595238 0.038086 0.030037
0 0.207031 0.596337 0.039062 0.030769
0 0.169922 0.596337 0.039062 0.030769
0 0.244629 0.596337 0.038086 0.030769
0 0.706543 0.623810 0.040039 0.031502
0 0.784668 0.623810 0.040039 0.031502
0 0.745605 0.623810 0.040039 0.031502
0 0.823730 0.623443 0.040039 0.030769
0 0.600586 0.624176 0.039062 0.030769
0 0.639160 0.624176 0.040039 0.030769
0 0.562500 0.624176 0.039062 0.030769
0 0.524414 0.624176 0.039062 0.030769
0 0.383789 0.624908 0.039062 0.030769
0 0.421387 0.624908 0.038086 0.030769
0 0.346680 0.624908 0.039062 0.030769
0 0.458984 0.624542 0.039062 0.030037
0 0.244141 0.625641 0.039062 0.030769
0 0.281250 0.625641 0.039062 0.030769
0 0.168457 0.626374 0.040039 0.030769
0 0.206055 0.626374 0.039062 0.030769
0 0.786133 0.654579 0.041016 0.031502
0 0.825195 0.654579 0.041016 0.031502
0 0.747070 0.654579 0.041016 0.031502
0 0.707520 0.654212 0.040039 0.030769
0 0.639648 0.654212 0.039062 0.030769
0 0.601562 0.654212 0.039062 0.030769
0 0.563477 0.654212 0.039062 0.030769
0 0.525391 0.654212 0.039062 0.030769
0 0.458984 0.654579 0.039062 0.031502
0 0.383789 0.654945 0.039062 0.030769
0 0.421387 0.654945 0.038086 0.030769
0 0.346191 0.654945 0.038086 0.030769
0 0.280273 0.655678 0.039062 0.030769
0 0.243164 0.655678 0.039062 0.030769
0 0.205078 0.656044 0.039062 0.031502
0 0.167480 0.656410 0.040039 0.030769
0 0.787109 0.685348 0.041016 0.031502
0 0.826172 0.685348 0.041016 0.031502
0 0.748047 0.685348 0.041016 0.031502
0 0.708496 0.685348 0.040039 0.031502
0 0.640137 0.684982 0.040039 0.030769
0 0.458984 0.684982 0.039062 0.030769
0 0.563477 0.684982 0.039062 0.030769
0 0.525391 0.684982 0.039062 0.030769
0 0.602051 0.684982 0.040039 0.030769
0 0.383789 0.684982 0.039062 0.030769
0 0.345703 0.685348 0.039062 0.031502
0 0.421387 0.684982 0.038086 0.030769
0 0.242188 0.686081 0.039062 0.031502
0 0.279297 0.685714 0.039062 0.030769
0 0.166016 0.686813 0.041016 0.031502
0 0.204102 0.686447 0.039062 0.030769
0 0.641113 0.715751 0.040039 0.032234
0 0.458984 0.715385 0.039062 0.031502
0 0.603027 0.715385 0.040039 0.031502
0 0.563965 0.715385 0.040039 0.031502
0 0.525879 0.715385 0.040039 0.031502
0 0.421387 0.715385 0.038086 0.031502
0 0.828125 0.716484 0.041016 0.032234
0 0.788086 0.716484 0.041016 0.032234
0 0.749023 0.716117 0.041016 0.031502
0 0.709473 0.716117 0.040039 0.031502
0 0.279297 0.716117 0.039062 0.031502
0 0.345703 0.716117 0.039062 0.031502
0 0.383789 0.715751 0.039062 0.030769
0 0.240723 0.716850 0.040039 0.031502
0 0.202637 0.717216 0.040039 0.032234
0 0.164062 0.717582 0.041016 0.031502
0 0.526367 0.746154 0.039062 0.031502
0 0.458984 0.746154 0.039062 0.031502
0 0.564453 0.746520 0.039062 0.032234
0 0.420898 0.746154 0.039062 0.031502
0 0.382812 0.746154 0.039062 0.031502
0 0.642090 0.746886 0.040039 0.031502
0 0.603027 0.746886 0.040039 0.031502
0 0.277832 0.747253 0.040039 0.032234
0 0.344727 0.746886 0.039062 0.031502
0 0.829102 0.747985 0.041016 0.032234
0 0.790039 0.747985 0.041016 0.032234
0 0.750000 0.747619 0.041016 0.031502
0 0.710938 0.747619 0.041016 0.031502
0 0.201660 0.747985 0.040039 0.032234
0 0.239746 0.747619 0.040039 0.031502
0 0.162598 0.748718 0.041992 0.032234
0 0.604004 0.778022 0.040039 0.032234
0 0.564941 0.778022 0.040039 0.032234
0 0.526367 0.778022 0.039062 0.032234
0 0.458984 0.778022 0.039062 0.032234
0 0.420898 0.777656 0.039062 0.031502
0 0.382812 0.777656 0.039062 0.031502
0 0.344727 0.778022 0.039062 0.032234
0 0.643066 0.778755 0.040039 0.032234
0 0.276855 0.778755 0.040039 0.032234
0 0.791016 0.779487 0.041016 0.032234
0 0.751465 0.779487 0.040039 0.032234
0 0.831055 0.779487 0.041016 0.032234
0 0.711914 0.779121 0.041016 0.031502
0 0.200195 0.779487 0.041016 0.032234
0 0.238770 0.779121 0.040039 0.031502
0 0.160645 0.780220 0.041992 0.032234
0 0.526855 0.809524 0.040039 0.032234
0 0.565918 0.809524 0.040039 0.032234
0 0.458984 0.809524 0.039062 0.032234
0 0.344238 0.809524 0.040039 0.032234
0 0.604492 0.809890 0.041016 0.032967
0 0.382812 0.809158 0.039062 0.031502
0 0.420898 0.809524 0.039062 0.032234
0 0.643555 0.810623 0.041016 0.032967
0 0.275879 0.810256 0.040039 0.032234
0 0.237793 0.810623 0.040039 0.032967
0 0.752930 0.810989 0.041016 0.032234
0 0.712891 0.810989 0.041016 0.032234
0 0.791992 0.811355 0.041016 0.032967
0 0.198730 0.811355 0.040039 0.032967
0 0.158691 0.812088 0.041992 0.032967
0 0.832031 0.811722 0.041016 0.032234
0 0.565918 0.841392 0.040039 0.032967
0 0.343262 0.841026 0.040039 0.032234
0 0.526855 0.841392 0.040039 0.032967
0 0.382324 0.841026 0.040039 0.032234
0 0.420898 0.841026 0.039062 0.032234
0 0.604980 0.842125 0.040039 0.032967
0 0.458984 0.841758 0.039062 0.032234
0 0.274902 0.841758 0.040039 0.032234
0 0.644531 0.842491 0.041016 0.032234
0 0.236328 0.842491 0.041016 0.032234
0 0.793945 0.843223 0.041016 0.032234
0 0.753906 0.843223 0.041016 0.032234
0 0.833496 0.843223 0.041992 0.032234
0 0.713867 0.843223 0.041016 0.032234
0 0.197266 0.843590 0.041016 0.032967
0 0.157715 0.844322 0.041992 0.032967
0 0.343262 0.872894 0.040039 0.032967
0 0.419922 0.873260 0.039062 0.033700
0 0.381836 0.872894 0.039062 0.032967
0 0.566895 0.873626 0.040039 0.032967
0 0.527344 0.873626 0.039062 0.032967
0 0.605957 0.874725 0.040039 0.033700
0 0.235352 0.874725 0.041016 0.033700
0 0.274414 0.874359 0.041016 0.032967
0 0.458496 0.873993 0.040039 0.032234
0 0.645508 0.875092 0.041016 0.032967
0 0.834961 0.875824 0.041016 0.032967
0 0.794922 0.875458 0.041016 0.032234
0 0.195801 0.875824 0.041992 0.032967
0 0.754883 0.875458 0.041016 0.032234
0 0.714844 0.875458 0.041016 0.032234
0 0.155762 0.877289 0.041992 0.034432
1 0.444336 0.359341 0.027344 0.021245
0 0.469238 0.358608 0.028320 0.021245
0 0.494629 0.358608 0.028320 0.021245
0 0.520020 0.357875 0.028320 0.021245
2 0.444824 0.378388 0.028320 0.021245
0 0.469238 0.377656 0.028320 0.021245
0 0.495605 0.377656 0.028320 0.021245
0 0.520020 0.376923 0.028320 0.021245
3 0.444824 0.397436 0.028320 0.021245
0 0.469238 0.397436 0.028320 0.021245
0 0.495605 0.396703 0.028320 0.021245
0 0.520508 0.396703 0.029297 0.021245
