0 0.829590 0.203297 0.034180 0.027106
0 0.794434 0.204029 0.034180 0.027106
0 0.759277 0.204762 0.034180 0.027106
0 0.724121 0.205495 0.034180 0.027106
0 0.688965 0.205861 0.034180 0.027839
0 0.653809 0.206227 0.034180 0.027106
0 0.619141 0.206960 0.035156 0.027106
0 0.515137 0.206960 0.034180 0.027106
0 0.584473 0.206960 0.034180 0.027106
0 0.549316 0.207326 0.034180 0.026374
0 0.830078 0.232601 0.035156 0.027106
0 0.794922 0.232967 0.035156 0.027839
0 0.759277 0.233700 0.034180 0.027839
0 0.724121 0.234066 0.034180 0.027106
0 0.654297 0.234799 0.035156 0.027106
0 0.689453 0.234799 0.035156 0.027106
0 0.619629 0.235531 0.034180 0.027106
0 0.515137 0.235531 0.034180 0.027106
0 0.584473 0.235897 0.034180 0.026374
0 0.550293 0.235897 0.034180 0.026374
0 0.830566 0.261538 0.034180 0.027839
0 0.795410 0.262271 0.034180 0.027839
0 0.760254 0.262637 0.034180 0.027106
0 0.725098 0.263370 0.034180 0.027106
0 0.689941 0.263370 0.034180 0.027106
0 0.654785 0.264103 0.034180 0.027106
0 0.550293 0.264469 0.034180 0.026374
0 0.620117 0.264469 0.035156 0.026374
0 0.515137 0.264469 0.034180 0.026374
0 0.584961 0.264469 0.033203 0.026374
0 0.832031 0.307326 0.035156 0.027106
0 0.795898 0.308059 0.035156 0.027106
0 0.761230 0.308791 0.034180 0.027106
0 0.726074 0.308791 0.034180 0.027106
0 0.655762 0.309524 0.034180 0.027106
0 0.690918 0.309524 0.034180 0.027106
0 0.516113 0.310256 0.034180 0.027106
0 0.551270 0.310256 0.034180 0.027106
0 0.620605 0.309890 0.034180 0.026374
0 0.585449 0.309890 0.034180 0.026374
0 0.835938 0.447253 0.035156 0.027106
0 0.797852 0.447985 0.035156 0.027106
0 0.760742 0.447985 0.035156 0.027106
0 0.723633 0.448718 0.035156 0.027106
0 0.658203 0.448718 0.035156 0.027106
0 0.583496 0.449451 0.034180 0.027106
0 0.620605 0.449451 0.034180 0.027106
0 0.546387 0.449817 0.034180 0.027839
0 0.480469 0.450183 0.035156 0.027106
0 0.405273 0.450549 0.035156 0.027839
0 0.442871 0.450183 0.034180 0.027106
0 0.301758 0.451282 0.035156 0.027839
0 0.367676 0.450916 0.034180 0.027106
0 0.187988 0.452015 0.036133 0.027839
0 0.263672 0.451648 0.035156 0.027106
0 0.225586 0.451648 0.035156 0.027106
0 0.836914 0.476557 0.035156 0.027106
0 0.799316 0.477289 0.036133 0.027106
0 0.761719 0.477289 0.035156 0.027106
0 0.724121 0.478022 0.034180 0.027106
0 0.658691 0.478388 0.034180 0.027839
0 0.583984 0.478755 0.035156 0.027106
0 0.621094 0.478755 0.035156 0.027106
0 0.546875 0.479121 0.035156 0.027839
0 0.443359 0.479853 0.035156 0.027839
0 0.480469 0.479487 0.035156 0.027106
0 0.368164 0.480586 0.035156 0.027839
0 0.405273 0.480220 0.035156 0.027106
0 0.301758 0.480952 0.035156 0.027106
0 0.263672 0.481319 0.035156 0.027839
0 0.226074 0.481319 0.034180 0.027839
0 0.188477 0.481685 0.035156 0.027106
0 0.838379 0.506227 0.036133 0.027839
0 0.800293 0.506593 0.036133 0.027106
0 0.762695 0.506960 0.035156 0.027839
0 0.659180 0.507692 0.035156 0.027839
0 0.724609 0.507326 0.035156 0.027106
0 0.622070 0.508059 0.035156 0.027106
0 0.584473 0.508425 0.034180 0.027839
0 0.546875 0.508791 0.035156 0.027106
0 0.481445 0.509158 0.035156 0.027839
0 0.405762 0.509890 0.034180 0.027839
0 0.443359 0.509524 0.035156 0.027106
0 0.301758 0.510623 0.035156 0.027839
0 0.368164 0.510256 0.035156 0.027106
0 0.226562 0.511355 0.035156 0.027839
0 0.264160 0.510989 0.034180 0.027106
0 0.188477 0.511722 0.035156 0.027106
0 0.839355 0.535531 0.036133 0.027839
0 0.801270 0.536264 0.036133 0.027839
0 0.763672 0.536264 0.035156 0.027839
0 0.725586 0.536996 0.035156 0.027839
0 0.622559 0.537729 0.034180 0.027839
0 0.584961 0.537729 0.035156 0.027839
0 0.660156 0.537363 0.035156 0.027106
0 0.547852 0.538462 0.035156 0.027839
0 0.481445 0.539194 0.035156 0.027839
0 0.443848 0.539194 0.034180 0.027839
0 0.368164 0.539927 0.035156 0.027839
0 0.406250 0.539927 0.035156 0.027839
0 0.301758 0.540659 0.035156 0.027839
0 0.263672 0.540659 0.035156 0.027839
0 0.188477 0.541392 0.035156 0.027839
0 0.226074 0.541392 0.034180 0.027839
0 0.841309 0.565568 0.036133 0.027839
0 0.802246 0.565568 0.036133 0.027839
0 0.727051 0.566300 0.036133 0.027839
0 0.764648 0.566300 0.035156 0.027839
0 0.623047 0.567033 0.035156 0.027839
0 0.661133 0.567033 0.035156 0.027839
0 0.584961 0.567766 0.035156 0.027839
0 0.481445 0.568498 0.035156 0.027839
0 0.547852 0.568132 0.035156 0.027106
0 0.406250 0.569231 0.035156 0.027839
0 0.444336 0.569231 0.035156 0.027839
0 0.368164 0.569963 0.035156 0.027839
0 0.263672 0.570696 0.035156 0.027839
0 0.301758 0.570330 0.035156 0.027106
0 0.225586 0.571062 0.035156 0.028571
0 0.187988 0.571429 0.036133 0.027839
0 0.842285 0.595604 0.036133 0.027839
0 0.804199 0.595604 0.036133 0.027839
0 0.766113 0.595971 0.036133 0.028571
0 0.728027 0.596337 0.036133 0.027839
0 0.624023 0.597070 0.035156 0.027839
0 0.661621 0.597070 0.036133 0.027839
0 0.585938 0.597802 0.035156 0.027839
0 0.548828 0.597802 0.035156 0.027839
0 0.482422 0.598535 0.035156 0.027839
0 0.406250 0.599267 0.035156 0.027839
0 0.444336 0.599267 0.035156 0.027839
0 0.301758 0.600366 0.035156 0.028571
0 0.368164 0.600000 0.035156 0.027839
0 0.263672 0.600733 0.035156 0.027839
0 0.225586 0.601099 0.035156 0.028571
0 0.187500 0.601832 0.035156 0.028571
0 0.805664 0.625641 0.037109 0.027839
0 0.844238 0.625641 0.036133 0.027839
0 0.767090 0.626007 0.036133 0.028571
0 0.729004 0.626374 0.036133 0.027839
0 0.624512 0.627106 0.036133 0.027839
0 0.662598 0.627106 0.036133 0.027839
0 0.548828 0.627839 0.035156 0.027839
0 0.586914 0.627839 0.035156 0.027839
0 0.482422 0.628571 0.035156 0.027839
0 0.444336 0.628938 0.035156 0.028571
0 0.406250 0.629304 0.035156 0.027839
0 0.301758 0.630403 0.035156 0.028571
0 0.368164 0.630037 0.035156 0.027839
0 0.263672 0.631136 0.035156 0.028571
0 0.187012 0.631868 0.036133 0.028571
0 0.225586 0.631502 0.035156 0.027839
0 0.845703 0.656044 0.037109 0.028571
0 0.807617 0.656044 0.037109 0.028571
0 0.769043 0.656410 0.036133 0.027839
0 0.730469 0.656777 0.035156 0.028571
0 0.625488 0.657509 0.036133 0.028571
0 0.663574 0.657143 0.036133 0.027839
0 0.549805 0.658242 0.035156 0.028571
0 0.587402 0.657875 0.036133 0.027839
0 0.482422 0.658974 0.035156 0.028571
0 0.445312 0.659341 0.035156 0.027839
0 0.406738 0.659707 0.034180 0.028571
0 0.368652 0.660073 0.036133 0.027839
0 0.263184 0.661172 0.036133 0.028571
0 0.301758 0.660806 0.035156 0.027839
0 0.224609 0.661905 0.035156 0.028571
0 0.186035 0.662637 0.036133 0.028571
0 0.847656 0.686813 0.037109 0.028571
0 0.808594 0.686813 0.037109 0.028571
0 0.770508 0.686813 0.037109 0.028571
0 0.731934 0.687546 0.036133 0.028571
0 0.664551 0.687546 0.036133 0.028571
0 0.588379 0.688278 0.036133 0.028571
0 0.626465 0.688278 0.036133 0.028571
0 0.549805 0.689011 0.035156 0.028571
0 0.483398 0.689011 0.035156 0.028571
0 0.445312 0.689744 0.035156 0.028571
0 0.368652 0.690476 0.036133 0.028571
0 0.407227 0.690110 0.035156 0.027839
0 0.301270 0.691209 0.036133 0.028571
0 0.262695 0.691941 0.035156 0.028571
0 0.224121 0.692674 0.036133 0.028571
0 0.186035 0.693407 0.036133 0.028571
0 0.811035 0.717949 0.038086 0.029304
0 0.850098 0.717949 0.038086 0.029304
0 0.772461 0.717949 0.037109 0.029304
0 0.665527 0.718681 0.036133 0.029304
0 0.733398 0.718315 0.037109 0.028571
0 0.627441 0.719048 0.036133 0.028571
0 0.550781 0.719414 0.035156 0.029304
0 0.589355 0.719048 0.036133 0.028571
0 0.483398 0.720147 0.035156 0.029304
0 0.445312 0.720513 0.035156 0.028571
0 0.407227 0.720879 0.035156 0.029304
0 0.368164 0.721245 0.035156 0.028571
0 0.301270 0.722344 0.036133 0.029304
0 0.262695 0.723077 0.035156 0.029304
0 0.224121 0.723810 0.036133 0.029304
0 0.185059 0.724176 0.036133 0.028571
0 0.853027 0.749451 0.038086 0.029304
0 0.813965 0.749451 0.038086 0.029304
0 0.774902 0.749451 0.038086 0.029304
0 0.667480 0.750183 0.036133 0.029304
0 0.735352 0.750183 0.037109 0.029304
0 0.628418 0.750183 0.036133 0.029304
0 0.551270 0.750916 0.036133 0.029304
0 0.590332 0.750916 0.036133 0.029304
0 0.483887 0.751648 0.036133 0.029304
0 0.445312 0.751648 0.035156 0.029304
0 0.406738 0.752381 0.036133 0.029304
0 0.368164 0.752747 0.035156 0.030037
0 0.300293 0.753114 0.036133 0.029304
0 0.262207 0.753846 0.036133 0.029304
0 0.223145 0.754579 0.036133 0.029304
0 0.184082 0.755311 0.036133 0.029304
0 0.816406 0.782051 0.039062 0.030037
0 0.776855 0.782051 0.038086 0.030037
0 0.737793 0.782051 0.038086 0.030037
0 0.855957 0.781685 0.038086 0.029304
0 0.668945 0.782418 0.037109 0.029304
0 0.629883 0.782418 0.037109 0.029304
0 0.591309 0.782784 0.036133 0.030037
0 0.483887 0.783516 0.036133 0.030037
0 0.552246 0.783150 0.036133 0.029304
0 0.406738 0.784249 0.036133 0.030037
0 0.445312 0.783883 0.035156 0.029304
0 0.367676 0.784615 0.036133 0.029304
0 0.300293 0.785348 0.036133 0.029304
0 0.261230 0.786081 0.036133 0.029304
0 0.222168 0.786447 0.036133 0.030037
0 0.183105 0.786813 0.036133 0.029304
0 0.819336 0.814286 0.039062 0.030037
0 0.859375 0.814286 0.039062 0.030037
0 0.779785 0.814652 0.038086 0.030769
0 0.670898 0.815018 0.037109 0.030037
0 0.740234 0.815018 0.037109 0.030037
0 0.631836 0.815018 0.037109 0.030037
0 0.592285 0.815018 0.036133 0.030037
0 0.553223 0.815751 0.036133 0.030037
0 0.483887 0.816117 0.036133 0.030769
0 0.406738 0.816484 0.036133 0.030037
0 0.445312 0.816484 0.035156 0.030037
0 0.367188 0.817216 0.037109 0.030037
0 0.260254 0.817949 0.036133 0.030037
0 0.299316 0.817582 0.036133 0.029304
0 0.182617 0.818681 0.037109 0.030037
0 0.221191 0.818315 0.036133 0.029304
0 0.863281 0.847619 0.039062 0.030769
0 0.823242 0.847619 0.039062 0.030769
0 0.782715 0.847619 0.038086 0.030769
0 0.742676 0.847985 0.038086 0.030037
0 0.672852 0.848352 0.037109 0.030769
0 0.632812 0.848352 0.037109 0.030769
0 0.593262 0.848352 0.036133 0.030769
0 0.484863 0.849084 0.036133 0.030769
0 0.553711 0.848718 0.037109 0.030037
0 0.366699 0.849817 0.036133 0.030769
0 0.405762 0.849451 0.036133 0.030037
0 0.445312 0.849451 0.035156 0.030037
0 0.298340 0.850183 0.036133 0.030037
0 0.259277 0.850183 0.036133 0.030037
0 0.220703 0.850183 0.037109 0.030037
0 0.181641 0.850916 0.037109 0.030037
0 0.826172 0.881685 0.039062 0.031502
0 0.866699 0.881319 0.040039 0.030769
0 0.785645 0.881685 0.038086 0.031502
0 0.745117 0.882051 0.039062 0.030769
0 0.674316 0.882051 0.038086 0.030769
0 0.634277 0.882051 0.038086 0.030769
0 0.594727 0.882051 0.037109 0.030769
0 0.554688 0.882051 0.037109 0.030769
0 0.484863 0.882784 0.036133 0.030769
0 0.405762 0.882784 0.036133 0.030769
0 0.366211 0.882784 0.037109 0.030769
0 0.445801 0.882784 0.036133 0.030769
0 0.297363 0.883150 0.036133 0.030037
0 0.258301 0.883150 0.036133 0.030037
0 0.219238 0.883150 0.036133 0.030037
0 0.180664 0.883150 0.037109 0.030037
1 0.465820 0.360073 0.025391 0.018315
0 0.491211 0.360073 0.025391 0.018315
0 0.517090 0.360073 0.024414 0.018315
0 0.542480 0.360073 0.024414 0.018315
2 0.466309 0.379121 0.024414 0.018315
0 0.491699 0.379121 0.024414 0.018315
0 0.517578 0.379121 0.025391 0.018315
0 0.542969 0.379121 0.025391 0.018315
3 0.466309 0.398901 0.024414 0.018315
0 0.491699 0.398901 0.024414 0.018315
0 0.518066 0.398901 0.024414 0.018315
0 0.543457 0.398901 0.024414 0.018315
