0 0.856445 0.827106 0.041016 0.030769
0 0.858887 0.860073 0.040039 0.030769
0 0.854492 0.794505 0.039062 0.030037
0 0.812988 0.793773 0.040039 0.030037
0 0.167480 0.868132 0.038086 0.032234
0 0.816895 0.858608 0.040039 0.030769
0 0.168457 0.835531 0.038086 0.031502
0 0.852051 0.762271 0.040039 0.030037
0 0.850098 0.730037 0.040039 0.030037
0 0.814941 0.826007 0.040039 0.030037
0 0.775879 0.858242 0.038086 0.030037
0 0.665527 0.859707 0.038086 0.030037
0 0.663574 0.826740 0.038086 0.030037
0 0.847656 0.697802 0.039062 0.030037
0 0.208984 0.865934 0.037109 0.030769
0 0.168945 0.803297 0.037109 0.031502
0 0.623535 0.826740 0.038086 0.030037
0 0.810547 0.761538 0.039062 0.030037
0 0.208984 0.832967 0.037109 0.030769
0 0.773926 0.825641 0.038086 0.029304
0 0.771973 0.793407 0.038086 0.029304
0 0.845703 0.665934 0.039062 0.029304
0 0.735352 0.858974 0.037109 0.030037
0 0.806641 0.697436 0.039062 0.029304
0 0.625000 0.859341 0.037109 0.030769
0 0.808594 0.729670 0.039062 0.029304
0 0.169434 0.770696 0.038086 0.030769
0 0.770020 0.761172 0.038086 0.029304
0 0.733887 0.826007 0.038086 0.030037
0 0.843750 0.634432 0.039062 0.029304
0 0.661621 0.794139 0.038086 0.029304
0 0.475586 0.861172 0.037109 0.030037
0 0.584961 0.859707 0.037109 0.030037
0 0.731934 0.793773 0.038086 0.030037
0 0.169922 0.738828 0.037109 0.030037
0 0.544922 0.860073 0.037109 0.030769
0 0.170898 0.707326 0.037109 0.030037
0 0.249023 0.864103 0.037109 0.030037
0 0.288574 0.863370 0.036133 0.030037
0 0.583984 0.826740 0.037109 0.030037
0 0.209473 0.801099 0.036133 0.030037
0 0.622070 0.794505 0.037109 0.030037
0 0.357910 0.861905 0.036133 0.030037
0 0.474121 0.796337 0.036133 0.029304
0 0.804688 0.666300 0.039062 0.028571
0 0.841797 0.603663 0.039062 0.029304
0 0.582520 0.794872 0.036133 0.029304
0 0.728027 0.729670 0.038086 0.029304
0 0.729980 0.761538 0.038086 0.030037
0 0.543945 0.827839 0.037109 0.030769
0 0.802734 0.634799 0.039062 0.028571
0 0.397461 0.861172 0.037109 0.030037
0 0.542969 0.795604 0.037109 0.030769
0 0.768066 0.729304 0.038086 0.030037
0 0.474609 0.828938 0.037109 0.030037
0 0.288574 0.831136 0.036133 0.030037
0 0.726562 0.698168 0.037109 0.029304
0 0.395996 0.797070 0.036133 0.029304
0 0.357422 0.829670 0.037109 0.030037
0 0.356934 0.797802 0.036133 0.029304
0 0.658691 0.730403 0.038086 0.029304
0 0.249023 0.831868 0.037109 0.030037
0 0.766113 0.697436 0.038086 0.029304
0 0.801270 0.604029 0.038086 0.028571
0 0.660156 0.761905 0.037109 0.029304
0 0.839844 0.572527 0.039062 0.028571
0 0.837891 0.541758 0.039062 0.028571
0 0.209961 0.737363 0.037109 0.030037
0 0.436035 0.828938 0.036133 0.030037
0 0.764160 0.666300 0.038086 0.028571
0 0.436035 0.861172 0.036133 0.030037
0 0.799316 0.573260 0.038086 0.028571
0 0.209961 0.769597 0.037109 0.030037
0 0.249512 0.768132 0.036133 0.030037
0 0.249512 0.736264 0.036133 0.029304
0 0.657227 0.698901 0.037109 0.029304
0 0.210449 0.706227 0.036133 0.029304
0 0.288574 0.798901 0.036133 0.030037
0 0.170898 0.676190 0.037109 0.029304
0 0.249512 0.799634 0.036133 0.030037
0 0.171875 0.645421 0.037109 0.029304
0 0.581055 0.762637 0.037109 0.029304
0 0.580078 0.731136 0.037109 0.029304
0 0.834961 0.511355 0.041016 0.029304
0 0.621094 0.762637 0.037109 0.029304
0 0.541992 0.763736 0.037109 0.030037
0 0.797363 0.542491 0.038086 0.028571
0 0.396973 0.828938 0.036133 0.030037
0 0.473145 0.764835 0.036133 0.029304
0 0.762695 0.635165 0.037109 0.029304
0 0.619141 0.730403 0.037109 0.029304
0 0.355957 0.703297 0.036133 0.029304
0 0.656250 0.667399 0.037109 0.029304
0 0.249512 0.705128 0.036133 0.030037
0 0.541016 0.731868 0.037109 0.029304
0 0.355957 0.734799 0.036133 0.029304
0 0.833984 0.480952 0.039062 0.028571
0 0.435059 0.796703 0.036133 0.030037
0 0.618164 0.699267 0.037109 0.028571
0 0.356934 0.766300 0.036133 0.029304
0 0.725098 0.666667 0.038086 0.029304
0 0.579102 0.699634 0.037109 0.029304
0 0.434082 0.733333 0.036133 0.029304
0 0.395020 0.734066 0.036133 0.029304
0 0.471191 0.670696 0.036133 0.028571
0 0.288574 0.767033 0.036133 0.029304
0 0.471680 0.701832 0.037109 0.029304
0 0.434570 0.764835 0.035156 0.029304
0 0.540039 0.700366 0.037109 0.029304
0 0.795410 0.512454 0.038086 0.028571
0 0.288574 0.735531 0.036133 0.029304
0 0.395996 0.765568 0.036133 0.029304
0 0.472168 0.732601 0.036133 0.029304
0 0.172363 0.614286 0.036133 0.028571
0 0.723633 0.635897 0.037109 0.029304
0 0.617188 0.668132 0.037109 0.029304
0 0.578125 0.668864 0.037109 0.029304
0 0.759277 0.573993 0.038086 0.028571
0 0.760742 0.604762 0.037109 0.028571
0 0.721680 0.604762 0.037109 0.028571
0 0.832520 0.450916 0.038086 0.028571
0 0.288086 0.704396 0.035156 0.028571
0 0.395020 0.702564 0.036133 0.029304
0 0.470215 0.639927 0.036133 0.028571
0 0.577148 0.638095 0.037109 0.029304
0 0.654297 0.636996 0.037109 0.028571
0 0.794434 0.481685 0.038086 0.028571
0 0.830566 0.420513 0.038086 0.029304
0 0.539062 0.669597 0.037109 0.029304
0 0.173340 0.553846 0.036133 0.027839
0 0.433105 0.702198 0.036133 0.028571
0 0.757812 0.543223 0.037109 0.028571
0 0.615723 0.637363 0.036133 0.029304
0 0.394043 0.671795 0.036133 0.029304
0 0.288086 0.673626 0.035156 0.028571
0 0.211426 0.644322 0.036133 0.028571
0 0.653320 0.606227 0.037109 0.028571
0 0.720215 0.574359 0.036133 0.029304
0 0.210938 0.675458 0.035156 0.029304
0 0.651855 0.575458 0.036133 0.028571
0 0.250000 0.673993 0.035156 0.029304
0 0.172852 0.584249 0.037109 0.028571
0 0.173340 0.523810 0.036133 0.027839
0 0.469238 0.609158 0.036133 0.028571
0 0.354980 0.641758 0.036133 0.029304
0 0.355469 0.672527 0.035156 0.029304
0 0.288086 0.642857 0.035156 0.028571
0 0.575684 0.607692 0.036133 0.028571
0 0.614746 0.606960 0.036133 0.028571
0 0.792480 0.452015 0.038086 0.027839
0 0.538574 0.638462 0.036133 0.028571
0 0.211426 0.613553 0.036133 0.028571
0 0.574707 0.576923 0.036133 0.028571
0 0.250000 0.643590 0.035156 0.028571
0 0.755859 0.513187 0.037109 0.028571
0 0.613770 0.576190 0.036133 0.028571
0 0.718750 0.543956 0.037109 0.028571
0 0.432617 0.671062 0.035156 0.029304
0 0.791016 0.421978 0.037109 0.027839
0 0.754883 0.483150 0.037109 0.028571
0 0.537598 0.608059 0.036133 0.029304
0 0.354492 0.611355 0.035156 0.028571
0 0.536621 0.577656 0.036133 0.028571
0 0.393555 0.641026 0.035156 0.029304
0 0.432129 0.640293 0.036133 0.029304
0 0.250000 0.612821 0.035156 0.028571
0 0.469238 0.578755 0.036133 0.027839
0 0.717773 0.513919 0.037109 0.028571
0 0.573730 0.546520 0.036133 0.027839
0 0.649902 0.515018 0.036133 0.027839
0 0.393066 0.610623 0.036133 0.028571
0 0.650879 0.545421 0.036133 0.028571
0 0.610840 0.515751 0.036133 0.027839
0 0.211914 0.583516 0.035156 0.028571
0 0.392090 0.579853 0.036133 0.028571
0 0.612793 0.545788 0.036133 0.027839
0 0.823242 0.278022 0.037109 0.028571
0 0.430664 0.579487 0.035156 0.029304
0 0.753418 0.453114 0.036133 0.028571
0 0.468262 0.548352 0.036133 0.028571
0 0.431152 0.609890 0.036133 0.028571
0 0.535645 0.547253 0.036133 0.027839
0 0.467285 0.518315 0.036133 0.028571
0 0.250000 0.582784 0.035156 0.028571
0 0.534668 0.517216 0.036133 0.027839
0 0.288086 0.612088 0.035156 0.028571
0 0.572754 0.516484 0.036133 0.027839
0 0.211914 0.553114 0.035156 0.027839
0 0.648438 0.484982 0.037109 0.027839
0 0.715820 0.483516 0.037109 0.027839
0 0.354004 0.580586 0.036133 0.028571
0 0.391602 0.549817 0.035156 0.028571
0 0.353516 0.550549 0.035156 0.028571
0 0.571777 0.486447 0.036133 0.027839
0 0.646973 0.454945 0.036133 0.027839
0 0.429688 0.549084 0.035156 0.028571
0 0.608887 0.455678 0.036133 0.027839
0 0.751953 0.423077 0.037109 0.028571
0 0.466309 0.488278 0.036133 0.028571
0 0.211914 0.523077 0.035156 0.027839
0 0.609863 0.485714 0.036133 0.027839
0 0.533691 0.487179 0.036133 0.027839
0 0.390625 0.489744 0.035156 0.028571
0 0.714355 0.453480 0.036133 0.027839
0 0.465820 0.458608 0.035156 0.027839
0 0.250000 0.552381 0.035156 0.027839
0 0.173828 0.464469 0.035156 0.027839
0 0.532715 0.457143 0.036133 0.027839
0 0.570801 0.456410 0.036133 0.027839
0 0.821289 0.231868 0.037109 0.028571
0 0.713379 0.423810 0.036133 0.028571
0 0.353516 0.520513 0.035156 0.028571
0 0.173340 0.494139 0.036133 0.027106
0 0.645996 0.424908 0.036133 0.027839
0 0.786621 0.279853 0.036133 0.027839
0 0.391113 0.519780 0.036133 0.028571
0 0.819824 0.202564 0.036133 0.028571
0 0.211914 0.493773 0.035156 0.027839
0 0.428711 0.489011 0.035156 0.028571
0 0.352539 0.460806 0.035156 0.027839
0 0.352539 0.490842 0.035156 0.027839
0 0.173828 0.434799 0.035156 0.027106
0 0.288086 0.582051 0.035156 0.028571
0 0.389648 0.430037 0.035156 0.027839
0 0.287109 0.521612 0.035156 0.027839
0 0.607910 0.426007 0.036133 0.028571
0 0.429199 0.519048 0.036133 0.028571
0 0.427734 0.459341 0.035156 0.027839
0 0.569824 0.427106 0.036133 0.027839
0 0.784180 0.233700 0.037109 0.027839
0 0.465332 0.428571 0.036133 0.027839
0 0.531738 0.427106 0.036133 0.027839
0 0.782715 0.204396 0.036133 0.027839
0 0.211914 0.463736 0.035156 0.027839
0 0.287109 0.551648 0.035156 0.027839
0 0.818359 0.173993 0.037109 0.028571
0 0.249512 0.522344 0.034180 0.027839
0 0.750000 0.281319 0.035156 0.027839
0 0.287109 0.491941 0.035156 0.028571
0 0.390625 0.460073 0.035156 0.027839
0 0.351562 0.431136 0.035156 0.027106
0 0.677734 0.282784 0.035156 0.027839
0 0.713867 0.282051 0.035156 0.027839
0 0.781738 0.175824 0.036133 0.027839
0 0.249023 0.463004 0.035156 0.027839
0 0.638672 0.179487 0.035156 0.027839
0 0.249512 0.493040 0.034180 0.027839
0 0.427734 0.429304 0.035156 0.027839
0 0.606445 0.284615 0.035156 0.027106
0 0.748047 0.235165 0.035156 0.027839
0 0.746582 0.205861 0.036133 0.027839
0 0.642090 0.283883 0.036133 0.027106
0 0.286621 0.462271 0.034180 0.027839
0 0.602539 0.180586 0.035156 0.027106
0 0.211914 0.434432 0.035156 0.027839
0 0.604492 0.238828 0.035156 0.027839
0 0.286133 0.432234 0.035156 0.027839
0 0.496582 0.182784 0.034180 0.027106
0 0.709961 0.178022 0.035156 0.027839
0 0.639648 0.208791 0.035156 0.027839
0 0.567383 0.181685 0.035156 0.027839
0 0.673828 0.178755 0.035156 0.027839
0 0.711914 0.235897 0.035156 0.027839
0 0.603516 0.209524 0.035156 0.027839
0 0.497070 0.212454 0.035156 0.027839
0 0.710938 0.206960 0.035156 0.027106
0 0.570312 0.285714 0.035156 0.027839
0 0.676270 0.236996 0.036133 0.027106
0 0.640625 0.237729 0.035156 0.027106
0 0.532227 0.182418 0.035156 0.027839
0 0.568359 0.210623 0.035156 0.027106
0 0.249023 0.433700 0.035156 0.027839
0 0.535156 0.286447 0.035156 0.027839
0 0.532227 0.211722 0.035156 0.027839
0 0.674805 0.207692 0.035156 0.027106
0 0.499512 0.287179 0.034180 0.027839
0 0.569336 0.239560 0.035156 0.027839
0 0.498047 0.241758 0.035156 0.027839
0 0.745605 0.176557 0.036133 0.027839
0 0.533203 0.240659 0.035156 0.027106
0 0.475586 0.357143 0.025391 0.018315
0 0.527344 0.356044 0.025391 0.019048
0 0.500977 0.337363 0.025391 0.018315
0 0.449219 0.338462 0.025391 0.019048
0 0.528320 0.375824 0.025391 0.019048
0 0.475586 0.376923 0.025391 0.018315
0 0.501953 0.356777 0.025391 0.019048
0 0.450195 0.377656 0.025391 0.018315
0 0.501953 0.376190 0.025391 0.018315
0 0.475098 0.338095 0.024414 0.018315
0 0.527344 0.336630 0.025391 0.018315
0 0.449707 0.357875 0.024414 0.018315
