0 0.863770 0.735531 0.038086 0.029304
0 0.867188 0.861538 0.039062 0.030769
0 0.865723 0.798168 0.038086 0.030037
0 0.862793 0.704029 0.038086 0.029304
0 0.864746 0.767033 0.038086 0.029304
0 0.866211 0.829670 0.039062 0.030037
0 0.861816 0.673260 0.038086 0.029304
0 0.860840 0.642125 0.038086 0.028571
0 0.826172 0.859707 0.037109 0.030037
0 0.825195 0.797070 0.037109 0.029304
0 0.857422 0.488278 0.037109 0.028571
0 0.823242 0.734799 0.037109 0.029304
0 0.785156 0.796703 0.037109 0.028571
0 0.859863 0.580586 0.038086 0.028571
0 0.454590 0.857143 0.036133 0.029304
0 0.786621 0.859341 0.036133 0.029304
0 0.825195 0.828571 0.037109 0.029304
0 0.747070 0.859341 0.037109 0.029304
0 0.784180 0.765201 0.037109 0.028571
0 0.858398 0.549451 0.037109 0.027839
0 0.859863 0.611355 0.038086 0.028571
0 0.824219 0.765568 0.037109 0.029304
0 0.677246 0.827473 0.036133 0.028571
0 0.678223 0.859341 0.036133 0.029304
0 0.786133 0.827839 0.037109 0.029304
0 0.822266 0.703297 0.037109 0.029304
0 0.675781 0.733700 0.037109 0.028571
0 0.782227 0.702930 0.037109 0.028571
0 0.781738 0.672161 0.036133 0.028571
0 0.637207 0.795604 0.036133 0.029304
0 0.856445 0.427106 0.037109 0.027839
0 0.858398 0.519048 0.037109 0.028571
0 0.676758 0.796337 0.037109 0.029304
0 0.744629 0.765201 0.036133 0.028571
0 0.196289 0.856777 0.037109 0.028571
0 0.416016 0.825641 0.035156 0.029304
0 0.746094 0.827839 0.037109 0.029304
0 0.600098 0.856777 0.036133 0.030037
0 0.781250 0.641392 0.037109 0.028571
0 0.638184 0.826374 0.036133 0.029304
0 0.818359 0.519048 0.037109 0.028571
0 0.493164 0.857143 0.035156 0.029304
0 0.821289 0.672527 0.037109 0.029304
0 0.742676 0.702930 0.036133 0.028571
0 0.638672 0.857875 0.037109 0.029304
0 0.856934 0.457509 0.036133 0.028571
0 0.561035 0.857143 0.036133 0.029304
0 0.493164 0.794505 0.037109 0.028571
0 0.636230 0.732967 0.036133 0.028571
0 0.674316 0.702930 0.036133 0.028571
0 0.416504 0.857143 0.036133 0.029304
0 0.776855 0.458608 0.038086 0.027839
0 0.820312 0.641392 0.037109 0.028571
0 0.675781 0.764835 0.037109 0.029304
0 0.819824 0.610989 0.036133 0.027839
0 0.816895 0.427473 0.036133 0.028571
0 0.778809 0.549817 0.036133 0.028571
0 0.778320 0.519414 0.037109 0.027839
0 0.454102 0.825275 0.035156 0.028571
0 0.560059 0.794505 0.036133 0.028571
0 0.819336 0.580220 0.037109 0.027839
0 0.599121 0.825641 0.036133 0.029304
0 0.745605 0.796337 0.036133 0.029304
0 0.377930 0.794505 0.035156 0.028571
0 0.742188 0.672161 0.037109 0.028571
0 0.779785 0.580586 0.036133 0.028571
0 0.783203 0.734066 0.037109 0.029304
0 0.777832 0.428205 0.036133 0.028571
0 0.377441 0.826007 0.036133 0.028571
0 0.196289 0.825641 0.037109 0.029304
0 0.598633 0.794505 0.035156 0.028571
0 0.197754 0.703663 0.036133 0.028571
0 0.558594 0.702198 0.035156 0.028571
0 0.743652 0.733700 0.036133 0.028571
0 0.780273 0.610989 0.037109 0.027839
0 0.778320 0.489011 0.037109 0.028571
0 0.817871 0.488645 0.036133 0.027839
0 0.818359 0.549817 0.037109 0.028571
0 0.739746 0.550183 0.036133 0.027839
0 0.596680 0.702198 0.035156 0.028571
0 0.741699 0.641758 0.036133 0.027839
0 0.598145 0.763736 0.036133 0.028571
0 0.673828 0.672161 0.037109 0.028571
0 0.673340 0.641758 0.036133 0.027839
0 0.416016 0.794139 0.035156 0.029304
0 0.672363 0.580952 0.036133 0.027839
0 0.636230 0.764469 0.036133 0.028571
0 0.197754 0.764469 0.036133 0.028571
0 0.635254 0.702198 0.036133 0.028571
0 0.740723 0.610989 0.036133 0.027839
0 0.235352 0.856044 0.035156 0.028571
0 0.560059 0.825275 0.036133 0.028571
0 0.454102 0.794505 0.035156 0.028571
0 0.559082 0.763736 0.036133 0.028571
0 0.597656 0.732967 0.035156 0.028571
0 0.197266 0.794872 0.035156 0.029304
0 0.740723 0.580586 0.036133 0.028571
0 0.635254 0.671795 0.036133 0.027839
0 0.671387 0.520513 0.036133 0.028571
0 0.816895 0.458242 0.036133 0.028571
0 0.672363 0.610989 0.036133 0.027839
0 0.492188 0.763736 0.035156 0.028571
0 0.738770 0.459341 0.036133 0.027839
0 0.198730 0.643223 0.036133 0.027839
0 0.670410 0.460073 0.036133 0.027839
0 0.274414 0.702198 0.035156 0.028571
0 0.739258 0.519780 0.035156 0.028571
0 0.671387 0.490110 0.036133 0.027839
0 0.597168 0.671795 0.036133 0.027839
0 0.633301 0.550916 0.036133 0.027839
0 0.235352 0.824908 0.035156 0.027839
0 0.454102 0.763370 0.035156 0.027839
0 0.633789 0.580952 0.035156 0.027839
0 0.453125 0.641758 0.035156 0.027839
0 0.311523 0.763736 0.035156 0.028571
0 0.557617 0.641758 0.035156 0.027839
0 0.198242 0.613187 0.037109 0.027839
0 0.632812 0.520879 0.035156 0.027839
0 0.491211 0.671795 0.035156 0.027839
0 0.634277 0.641758 0.036133 0.027839
0 0.633789 0.610989 0.035156 0.027839
0 0.491211 0.581685 0.037109 0.027839
0 0.670410 0.429670 0.036133 0.028571
0 0.416016 0.763370 0.035156 0.027839
0 0.199219 0.733700 0.039062 0.028571
0 0.558594 0.732967 0.035156 0.028571
0 0.236328 0.732967 0.035156 0.028571
0 0.850586 0.236264 0.037109 0.028571
0 0.311035 0.794505 0.034180 0.028571
0 0.453125 0.671795 0.035156 0.027839
0 0.596191 0.641758 0.036133 0.027839
0 0.594727 0.550916 0.035156 0.027839
0 0.738770 0.489377 0.036133 0.027839
0 0.593750 0.460806 0.035156 0.027839
0 0.236328 0.702930 0.035156 0.028571
0 0.594238 0.520879 0.036133 0.027839
0 0.851562 0.283150 0.037109 0.028571
0 0.273438 0.794505 0.035156 0.028571
0 0.198242 0.673626 0.035156 0.028571
0 0.738281 0.428571 0.035156 0.027839
0 0.377930 0.763004 0.035156 0.028571
0 0.377930 0.671795 0.035156 0.027839
0 0.311523 0.856410 0.037109 0.029304
0 0.454102 0.732601 0.035156 0.027839
0 0.236328 0.672894 0.035156 0.028571
0 0.492676 0.825275 0.036133 0.028571
0 0.631836 0.430037 0.035156 0.027839
0 0.311035 0.825275 0.034180 0.028571
0 0.273438 0.856044 0.035156 0.028571
0 0.491211 0.702198 0.035156 0.028571
0 0.453613 0.702198 0.036133 0.028571
0 0.849121 0.206960 0.036133 0.028571
0 0.235840 0.794505 0.036133 0.028571
0 0.558105 0.671795 0.036133 0.027839
0 0.490234 0.641758 0.037109 0.027839
0 0.273438 0.825275 0.035156 0.028571
0 0.593750 0.430769 0.035156 0.027839
0 0.416016 0.732601 0.035156 0.027839
0 0.453125 0.611722 0.035156 0.027839
0 0.451172 0.462271 0.035156 0.027839
0 0.377930 0.857509 0.035156 0.028571
0 0.632324 0.490842 0.036133 0.027839
0 0.416504 0.671795 0.036133 0.027839
0 0.492188 0.732967 0.035156 0.028571
0 0.274414 0.612454 0.035156 0.027839
0 0.236328 0.763736 0.035156 0.028571
0 0.376953 0.552381 0.035156 0.027839
0 0.631836 0.460440 0.035156 0.028571
0 0.274414 0.732601 0.035156 0.027839
0 0.595703 0.610989 0.035156 0.027839
0 0.671875 0.550549 0.035156 0.028571
0 0.377930 0.702198 0.035156 0.028571
0 0.199219 0.583150 0.035156 0.027839
0 0.198730 0.553480 0.036133 0.027106
0 0.555664 0.491575 0.035156 0.027839
0 0.593750 0.490842 0.035156 0.027839
0 0.415039 0.641758 0.035156 0.027839
0 0.311523 0.732601 0.035156 0.027839
0 0.848633 0.177656 0.037109 0.028571
0 0.556641 0.581685 0.035156 0.027839
0 0.555664 0.461538 0.035156 0.027839
0 0.415527 0.702198 0.034180 0.028571
0 0.452148 0.552015 0.035156 0.027106
0 0.556641 0.551282 0.035156 0.027106
0 0.273438 0.763370 0.035156 0.027839
0 0.377930 0.732601 0.035156 0.027839
0 0.274414 0.642491 0.035156 0.027839
0 0.490234 0.611722 0.035156 0.027839
0 0.414062 0.522344 0.035156 0.027839
0 0.312988 0.702198 0.036133 0.028571
0 0.274414 0.672527 0.035156 0.027839
0 0.488281 0.491941 0.037109 0.027106
0 0.375977 0.463004 0.035156 0.027839
0 0.775879 0.209524 0.036133 0.027839
0 0.415039 0.611722 0.035156 0.027839
0 0.377930 0.641758 0.035156 0.027839
0 0.557617 0.611722 0.035156 0.027839
0 0.237305 0.583150 0.035156 0.027839
0 0.490234 0.551648 0.035156 0.027839
0 0.413086 0.432967 0.035156 0.027839
0 0.777832 0.284982 0.036133 0.027839
0 0.775391 0.180220 0.035156 0.027839
0 0.451172 0.492308 0.035156 0.027839
0 0.452148 0.522344 0.035156 0.027839
0 0.595215 0.580952 0.036133 0.027839
0 0.739258 0.210989 0.035156 0.027839
0 0.376953 0.582418 0.035156 0.027839
0 0.703125 0.211722 0.035156 0.027839
0 0.812500 0.208791 0.035156 0.027839
0 0.554688 0.431502 0.035156 0.027839
0 0.199219 0.524176 0.035156 0.027106
0 0.666992 0.183516 0.035156 0.028571
0 0.556152 0.521612 0.036133 0.027839
0 0.488281 0.432234 0.035156 0.027839
0 0.811523 0.179487 0.035156 0.027839
0 0.274414 0.582784 0.035156 0.027106
0 0.741699 0.285714 0.036133 0.027839
0 0.236816 0.642491 0.034180 0.027839
0 0.776855 0.238828 0.036133 0.027839
0 0.311035 0.523077 0.034180 0.027839
0 0.376465 0.493040 0.034180 0.027839
0 0.631348 0.184615 0.036133 0.027839
0 0.452148 0.581685 0.035156 0.027839
0 0.814941 0.284249 0.036133 0.027839
0 0.812988 0.238095 0.036133 0.027839
0 0.374512 0.433333 0.036133 0.027106
0 0.489258 0.521612 0.035156 0.027839
0 0.236816 0.523810 0.034180 0.027839
0 0.312012 0.612454 0.034180 0.027839
0 0.376953 0.522711 0.035156 0.027106
0 0.451172 0.432234 0.035156 0.027839
0 0.739746 0.239560 0.036133 0.027839
0 0.705078 0.286447 0.035156 0.027839
0 0.312012 0.671795 0.034180 0.027839
0 0.273926 0.553114 0.034180 0.027839
0 0.415039 0.582051 0.035156 0.027106
0 0.413574 0.463004 0.034180 0.027839
0 0.489258 0.462271 0.035156 0.027839
0 0.702637 0.182418 0.034180 0.027839
0 0.738281 0.181685 0.035156 0.027839
0 0.273438 0.493773 0.035156 0.027839
0 0.236816 0.553114 0.034180 0.027839
0 0.272949 0.434432 0.034180 0.027839
0 0.668945 0.287179 0.035156 0.027839
0 0.312012 0.582418 0.034180 0.027839
0 0.312012 0.642125 0.034180 0.027106
0 0.236816 0.612821 0.034180 0.027106
0 0.377441 0.612088 0.034180 0.027106
0 0.414551 0.552015 0.034180 0.027106
0 0.273926 0.523443 0.034180 0.027106
0 0.413574 0.492674 0.034180 0.027106
0 0.632812 0.287912 0.035156 0.027839
0 0.310059 0.434066 0.034180 0.027106
0 0.199219 0.464835 0.035156 0.027106
0 0.631836 0.242491 0.035156 0.026374
0 0.311035 0.493407 0.034180 0.027106
0 0.199219 0.435531 0.035156 0.027106
0 0.235840 0.434799 0.034180 0.027106
0 0.273438 0.464103 0.035156 0.027106
0 0.199219 0.494505 0.035156 0.027839
0 0.667969 0.241392 0.035156 0.027106
0 0.596191 0.288278 0.036133 0.027106
0 0.560547 0.289011 0.035156 0.027106
0 0.236816 0.494139 0.034180 0.027106
0 0.666992 0.212821 0.035156 0.027106
0 0.310547 0.463736 0.035156 0.027839
0 0.560059 0.186447 0.034180 0.027106
0 0.631836 0.213553 0.035156 0.027106
0 0.595215 0.185714 0.034180 0.027106
0 0.704102 0.240659 0.035156 0.027106
0 0.524414 0.289744 0.035156 0.027106
0 0.560547 0.243956 0.035156 0.026374
0 0.311523 0.552747 0.035156 0.027106
0 0.560059 0.215018 0.034180 0.027106
0 0.235840 0.464469 0.034180 0.027839
0 0.596191 0.243590 0.034180 0.027106
0 0.524902 0.215751 0.034180 0.027106
0 0.524902 0.244322 0.034180 0.027106
0 0.595703 0.214286 0.035156 0.027106
0 0.524902 0.187179 0.034180 0.027106
0 0.526367 0.379487 0.025391 0.019048
0 0.551758 0.358974 0.025391 0.019048
0 0.551758 0.339194 0.025391 0.019048
0 0.551758 0.378755 0.025391 0.019048
0 0.500000 0.379487 0.025391 0.019048
0 0.526367 0.359341 0.025391 0.018315
0 0.499512 0.359707 0.024414 0.019048
0 0.474121 0.380220 0.024414 0.019048
0 0.474121 0.340659 0.024414 0.019048
0 0.499512 0.339927 0.024414 0.019048
0 0.474121 0.360073 0.024414 0.018315
0 0.525879 0.339560 0.024414 0.018315
