0 0.876465 0.897070 0.040039 0.031502
0 0.874512 0.863004 0.040039 0.030769
0 0.834473 0.895971 0.038086 0.032234
0 0.871094 0.828938 0.041016 0.030037
0 0.792969 0.895971 0.039062 0.030769
0 0.680176 0.895971 0.038086 0.032234
0 0.832520 0.861905 0.040039 0.030037
0 0.867676 0.795971 0.041992 0.030037
0 0.829590 0.827839 0.040039 0.030769
0 0.751465 0.895971 0.038086 0.030769
0 0.640137 0.894872 0.038086 0.031502
0 0.678223 0.861905 0.040039 0.030037
0 0.864258 0.763004 0.041016 0.030037
0 0.676270 0.827839 0.038086 0.030769
0 0.791016 0.861905 0.039062 0.030037
0 0.747559 0.827839 0.038086 0.030769
0 0.825684 0.794872 0.040039 0.030769
0 0.787598 0.827839 0.038086 0.030769
0 0.598633 0.894872 0.037109 0.030037
0 0.749512 0.861905 0.038086 0.030037
0 0.638184 0.860806 0.038086 0.030769
0 0.860840 0.730037 0.040039 0.030037
0 0.785645 0.794872 0.038086 0.030769
0 0.558594 0.894872 0.039062 0.030037
0 0.858887 0.697436 0.040039 0.029304
0 0.598145 0.860806 0.038086 0.030769
0 0.181641 0.834799 0.037109 0.031502
0 0.221680 0.897070 0.037109 0.030037
0 0.820801 0.730037 0.038086 0.030037
0 0.636719 0.827839 0.037109 0.030769
0 0.489258 0.894872 0.037109 0.030037
0 0.822754 0.761905 0.040039 0.030769
0 0.596680 0.827839 0.037109 0.030769
0 0.181641 0.866667 0.037109 0.030769
0 0.557129 0.860806 0.038086 0.030769
0 0.221680 0.864469 0.037109 0.030769
0 0.182129 0.802198 0.038086 0.030769
0 0.487305 0.828938 0.037109 0.030037
0 0.556641 0.827839 0.037109 0.030769
0 0.487305 0.861905 0.037109 0.030037
0 0.449219 0.893773 0.037109 0.030769
0 0.182129 0.770330 0.036133 0.030037
0 0.744629 0.794872 0.038086 0.030769
0 0.782715 0.761905 0.038086 0.030769
0 0.675293 0.794872 0.038086 0.029304
0 0.817383 0.697436 0.039062 0.029304
0 0.780762 0.730037 0.038086 0.030037
0 0.369629 0.893773 0.036133 0.030769
0 0.261719 0.895971 0.037109 0.030769
0 0.182129 0.898535 0.038086 0.030037
0 0.369629 0.861905 0.036133 0.030037
0 0.673340 0.761905 0.038086 0.029304
0 0.221680 0.832601 0.037109 0.030037
0 0.855469 0.665568 0.039062 0.028571
0 0.410645 0.893407 0.036133 0.030037
0 0.301270 0.830037 0.036133 0.029304
0 0.634766 0.794872 0.037109 0.030769
0 0.742676 0.761905 0.036133 0.029304
0 0.447754 0.795971 0.036133 0.028571
0 0.261719 0.831502 0.037109 0.029304
0 0.369629 0.828938 0.036133 0.030037
0 0.221680 0.800733 0.037109 0.030769
0 0.183594 0.738462 0.037109 0.030769
0 0.555176 0.795971 0.038086 0.030037
0 0.595215 0.794872 0.036133 0.029304
0 0.740723 0.730403 0.038086 0.029304
0 0.409180 0.860806 0.037109 0.030769
0 0.485840 0.795971 0.036133 0.028571
0 0.671387 0.730403 0.038086 0.029304
0 0.299805 0.863004 0.037109 0.029304
0 0.633301 0.763004 0.036133 0.030037
0 0.447754 0.860806 0.036133 0.030769
0 0.261719 0.799634 0.037109 0.030037
0 0.593262 0.763004 0.036133 0.030037
0 0.777344 0.697436 0.039062 0.029304
0 0.261719 0.863004 0.037109 0.029304
0 0.554688 0.763370 0.037109 0.029304
0 0.447754 0.828938 0.036133 0.030037
0 0.409180 0.828938 0.037109 0.030037
0 0.816895 0.666667 0.040039 0.029304
0 0.223145 0.737363 0.036133 0.030037
0 0.223145 0.768132 0.036133 0.030037
0 0.591797 0.731136 0.037109 0.029304
0 0.631348 0.731136 0.036133 0.029304
0 0.183594 0.706960 0.037109 0.029304
0 0.775879 0.666667 0.038086 0.027839
0 0.301758 0.894505 0.037109 0.029304
0 0.485840 0.764103 0.038086 0.029304
0 0.852051 0.635165 0.038086 0.029304
0 0.812012 0.635165 0.038086 0.027839
0 0.183594 0.675458 0.037109 0.029304
0 0.301270 0.798535 0.036133 0.030769
0 0.261719 0.767766 0.037109 0.029304
0 0.369629 0.797070 0.036133 0.029304
0 0.445801 0.732601 0.036133 0.029304
0 0.737305 0.698168 0.037109 0.027839
0 0.553223 0.731136 0.036133 0.029304
0 0.669434 0.698168 0.036133 0.029304
0 0.485840 0.732601 0.036133 0.029304
0 0.447754 0.764103 0.036133 0.029304
0 0.185059 0.614286 0.038086 0.028571
0 0.263184 0.704762 0.036133 0.029304
0 0.185059 0.644689 0.038086 0.027839
0 0.850098 0.603297 0.038086 0.028571
0 0.667969 0.667766 0.037109 0.028571
0 0.629883 0.699634 0.037109 0.029304
0 0.409180 0.795971 0.035156 0.028571
0 0.301758 0.734799 0.035156 0.029304
0 0.735840 0.666667 0.036133 0.027839
0 0.301758 0.767033 0.035156 0.029304
0 0.369629 0.734066 0.036133 0.029304
0 0.369141 0.765568 0.035156 0.029304
0 0.263184 0.736264 0.036133 0.029304
0 0.303223 0.703297 0.038086 0.029304
0 0.263184 0.673993 0.036133 0.029304
0 0.591309 0.699634 0.036133 0.027839
0 0.810059 0.604396 0.036133 0.027839
0 0.733887 0.636264 0.036133 0.028571
0 0.407715 0.732601 0.034180 0.029304
0 0.445801 0.701099 0.036133 0.027839
0 0.773438 0.635165 0.037109 0.027839
0 0.551758 0.699634 0.037109 0.029304
0 0.627930 0.668132 0.037109 0.027839
0 0.185059 0.553114 0.036133 0.027839
0 0.223145 0.705495 0.036133 0.029304
0 0.263184 0.643590 0.036133 0.028571
0 0.407715 0.764103 0.036133 0.029304
0 0.369141 0.701832 0.037109 0.029304
0 0.551758 0.669231 0.037109 0.028571
0 0.847168 0.572894 0.038086 0.027839
0 0.407715 0.701832 0.034180 0.027839
0 0.770508 0.605495 0.037109 0.028571
0 0.666016 0.636264 0.037109 0.028571
0 0.445801 0.670330 0.036133 0.027839
0 0.223633 0.643590 0.037109 0.028571
0 0.185059 0.523810 0.036133 0.027839
0 0.369629 0.671795 0.036133 0.027839
0 0.485352 0.669231 0.037109 0.028571
0 0.263184 0.612821 0.036133 0.028571
0 0.807129 0.573993 0.038086 0.028571
0 0.223633 0.675092 0.035156 0.028571
0 0.589844 0.668132 0.037109 0.027839
0 0.483887 0.701099 0.036133 0.029304
0 0.845215 0.543590 0.038086 0.027839
0 0.301758 0.672527 0.035156 0.029304
0 0.223633 0.613187 0.037109 0.027839
0 0.549805 0.638462 0.035156 0.028571
0 0.444336 0.639927 0.035156 0.028571
0 0.301758 0.642491 0.035156 0.027839
0 0.664551 0.605861 0.036133 0.027839
0 0.768555 0.575092 0.037109 0.027839
0 0.407227 0.639927 0.035156 0.028571
0 0.626465 0.637363 0.036133 0.027839
0 0.185059 0.583883 0.036133 0.027839
0 0.731934 0.605861 0.036133 0.027839
0 0.805176 0.543590 0.036133 0.027839
0 0.301758 0.611722 0.035156 0.027839
0 0.767090 0.544689 0.036133 0.028571
0 0.588379 0.637363 0.036133 0.027839
0 0.626465 0.606960 0.036133 0.028571
0 0.367676 0.580220 0.036133 0.027839
0 0.223633 0.553114 0.035156 0.027839
0 0.263184 0.582418 0.036133 0.027839
0 0.662598 0.576557 0.036133 0.027839
0 0.223633 0.582418 0.035156 0.027839
0 0.483887 0.638828 0.036133 0.027839
0 0.549805 0.608059 0.035156 0.027839
0 0.841309 0.512821 0.038086 0.027839
0 0.405762 0.580220 0.034180 0.027839
0 0.261719 0.552015 0.035156 0.028571
0 0.548340 0.577656 0.034180 0.028571
0 0.661133 0.545788 0.037109 0.027839
0 0.588379 0.606960 0.036133 0.028571
0 0.443848 0.578755 0.034180 0.027839
0 0.299805 0.521612 0.035156 0.027839
0 0.261719 0.522711 0.037109 0.027106
0 0.829102 0.238462 0.037109 0.028571
0 0.829590 0.208059 0.036133 0.027839
0 0.407715 0.671429 0.034180 0.028571
0 0.443848 0.609524 0.036133 0.027839
0 0.482422 0.609158 0.035156 0.028571
0 0.301758 0.581319 0.041016 0.028571
0 0.367676 0.550916 0.034180 0.027839
0 0.185059 0.464469 0.036133 0.027839
0 0.261719 0.492308 0.035156 0.027839
0 0.829590 0.268132 0.034180 0.027839
0 0.482422 0.578755 0.035156 0.027839
0 0.765137 0.514286 0.036133 0.027839
0 0.187012 0.493773 0.036133 0.027839
0 0.622559 0.547253 0.036133 0.027839
0 0.404297 0.520147 0.035156 0.027839
0 0.367676 0.610623 0.036133 0.028571
0 0.442383 0.520147 0.037109 0.027839
0 0.586426 0.576557 0.034180 0.027839
0 0.480469 0.549451 0.035156 0.027839
0 0.730469 0.575092 0.037109 0.027839
0 0.839844 0.483883 0.037109 0.028571
0 0.803223 0.514286 0.036133 0.026374
0 0.547852 0.547253 0.035156 0.027839
0 0.729004 0.545788 0.036133 0.027839
0 0.585938 0.547253 0.035156 0.027839
0 0.660645 0.516850 0.036133 0.027106
0 0.624512 0.576557 0.034180 0.027839
0 0.407227 0.610623 0.035156 0.028571
0 0.223633 0.522711 0.035156 0.028571
0 0.792969 0.210623 0.035156 0.028571
0 0.367188 0.520513 0.035156 0.027106
0 0.442383 0.489744 0.035156 0.027106
0 0.443848 0.549451 0.036133 0.027839
0 0.546387 0.517949 0.034180 0.027839
0 0.727051 0.515385 0.036133 0.028571
0 0.763184 0.484982 0.036133 0.027839
0 0.367188 0.490842 0.035156 0.027839
0 0.659180 0.487546 0.035156 0.027106
0 0.837891 0.454579 0.037109 0.028571
0 0.584473 0.517949 0.034180 0.027839
0 0.404297 0.460806 0.035156 0.027839
0 0.365723 0.461905 0.036133 0.027106
0 0.801758 0.484982 0.037109 0.027839
0 0.831055 0.314286 0.035156 0.027839
0 0.299805 0.552015 0.035156 0.028571
0 0.299805 0.492308 0.035156 0.027839
0 0.756836 0.241026 0.035156 0.027839
0 0.261719 0.463004 0.037109 0.027839
0 0.622559 0.516850 0.036133 0.027106
0 0.480469 0.490110 0.035156 0.027839
0 0.404297 0.491209 0.035156 0.027106
0 0.405762 0.549451 0.034180 0.027839
0 0.480469 0.519048 0.035156 0.028571
0 0.223633 0.493773 0.035156 0.027839
0 0.442383 0.460440 0.035156 0.027106
0 0.544922 0.488645 0.035156 0.026374
0 0.657715 0.458242 0.034180 0.027106
0 0.223633 0.463004 0.035156 0.027839
0 0.544434 0.459341 0.036133 0.026374
0 0.299805 0.461905 0.035156 0.027106
0 0.794434 0.239927 0.036133 0.028571
0 0.583008 0.488645 0.035156 0.027839
0 0.756348 0.211722 0.034180 0.027839
0 0.792969 0.269231 0.035156 0.028571
0 0.798340 0.455678 0.036133 0.027839
0 0.621094 0.487179 0.037109 0.027839
0 0.758301 0.270330 0.034180 0.027839
0 0.721680 0.213187 0.035156 0.027839
0 0.478516 0.460806 0.035156 0.027839
0 0.546387 0.244689 0.034180 0.027839
0 0.583008 0.458242 0.035156 0.027106
0 0.761719 0.455678 0.035156 0.027839
0 0.759766 0.316484 0.035156 0.027839
0 0.723633 0.456777 0.037109 0.027106
0 0.725098 0.486447 0.034180 0.027839
0 0.794922 0.315385 0.035156 0.028571
0 0.615723 0.215385 0.034180 0.026374
0 0.721680 0.242491 0.035156 0.027839
0 0.650391 0.214286 0.035156 0.027106
0 0.685547 0.213187 0.035156 0.027839
0 0.687012 0.242491 0.034180 0.027839
0 0.619629 0.458242 0.036133 0.028571
0 0.617676 0.319048 0.034180 0.027106
0 0.513672 0.320513 0.035156 0.027106
0 0.650879 0.243590 0.034180 0.027106
0 0.721680 0.271429 0.035156 0.027106
0 0.723633 0.316850 0.035156 0.027106
0 0.544922 0.216484 0.035156 0.027106
0 0.615723 0.244689 0.034180 0.026374
0 0.687012 0.271429 0.034180 0.027106
0 0.548340 0.320147 0.034180 0.027839
0 0.547852 0.273993 0.035156 0.026374
0 0.652344 0.272894 0.035156 0.027106
0 0.583008 0.319048 0.035156 0.027106
0 0.688965 0.317949 0.034180 0.027839
0 0.617188 0.272894 0.035156 0.027106
0 0.654297 0.317949 0.035156 0.026374
0 0.582520 0.273993 0.034180 0.026374
0 0.579590 0.216484 0.034180 0.027106
0 0.511719 0.275092 0.035156 0.027106
0 0.581055 0.244689 0.035156 0.026374
0 0.510254 0.216484 0.034180 0.027106
0 0.510254 0.245788 0.034180 0.027106
0 0.541016 0.388645 0.025391 0.018315
0 0.463379 0.390110 0.024414 0.018315
0 0.515137 0.409158 0.024414 0.018315
0 0.488770 0.390110 0.024414 0.018315
0 0.515137 0.370330 0.024414 0.018315
0 0.539551 0.370330 0.024414 0.018315
0 0.541504 0.409158 0.024414 0.018315
0 0.464844 0.409158 0.025391 0.018315
0 0.463379 0.370330 0.026367 0.018315
0 0.489258 0.409158 0.025391 0.018315
0 0.515137 0.389744 0.026367 0.017582
0 0.489258 0.370330 0.025391 0.016850
0 0.368164 0.641758 0.037109 0.027839
