1 0.821777 0.201099 0.040039 0.031502
1 0.784668 0.202564 0.040039 0.031502
1 0.747559 0.203663 0.040039 0.030769
1 0.710449 0.204762 0.040039 0.031502
1 0.673828 0.206227 0.039062 0.031502
1 0.637695 0.206960 0.039062 0.031502
1 0.601562 0.208425 0.039062 0.031502
1 0.565430 0.209158 0.039062 0.031502
1 0.529297 0.210256 0.039062 0.030769
1 0.493164 0.210989 0.039062 0.030769
1 0.822266 0.231136 0.041016 0.031502
1 0.785156 0.232601 0.039062 0.031502
1 0.748535 0.233333 0.040039 0.031502
1 0.710938 0.234799 0.039062 0.031502
1 0.674316 0.236264 0.040039 0.031502
1 0.638184 0.236996 0.040039 0.031502
1 0.601562 0.238095 0.039062 0.030769
1 0.565430 0.239194 0.039062 0.031502
1 0.529297 0.240293 0.039062 0.030769
1 0.493652 0.241026 0.038086 0.030769
1 0.823242 0.261172 0.041016 0.031502
1 0.785645 0.262637 0.040039 0.031502
1 0.748535 0.263370 0.040039 0.031502
1 0.711426 0.264835 0.040039 0.031502
1 0.674805 0.265934 0.039062 0.030769
1 0.638672 0.266667 0.039062 0.030769
1 0.602051 0.267766 0.040039 0.031502
1 0.565430 0.268864 0.039062 0.030769
1 0.529785 0.269597 0.040039 0.030769
1 0.494141 0.270330 0.039062 0.030769
1 0.824707 0.309158 0.040039 0.032234
1 0.787598 0.310256 0.040039 0.031502
1 0.749512 0.310989 0.040039 0.031502
1 0.712402 0.312088 0.040039 0.030769
1 0.675781 0.313187 0.039062 0.031502
1 0.639160 0.313919 0.040039 0.031502
1 0.603027 0.314652 0.040039 0.031502
1 0.566406 0.315751 0.039062 0.030769
1 0.530273 0.316484 0.039062 0.030769
1 0.494141 0.317216 0.039062 0.030769
1 0.827148 0.456777 0.041016 0.031502
1 0.787598 0.456777 0.040039 0.031502
1 0.747559 0.457509 0.040039 0.031502
1 0.708496 0.458242 0.040039 0.031502
1 0.640137 0.458974 0.040039 0.031502
1 0.602051 0.459341 0.040039 0.030769
1 0.563477 0.460073 0.039062 0.030769
1 0.525391 0.461172 0.039062 0.031502
1 0.458984 0.461538 0.039062 0.030769
1 0.421875 0.462271 0.039062 0.030769
1 0.384277 0.462271 0.038086 0.030769
1 0.347168 0.463004 0.038086 0.030769
1 0.281738 0.463736 0.038086 0.030769
1 0.244629 0.464103 0.038086 0.030037
1 0.207520 0.464469 0.038086 0.030769
1 0.169434 0.464835 0.040039 0.030037
1 0.827148 0.487179 0.041016 0.030769
1 0.787598 0.487546 0.040039 0.031502
1 0.748535 0.488278 0.040039 0.031502
1 0.708984 0.488645 0.039062 0.030769
1 0.641113 0.489377 0.040039 0.030769
1 0.602539 0.489744 0.039062 0.031502
1 0.564453 0.490110 0.039062 0.030769
1 0.525879 0.490476 0.040039 0.031502
1 0.421875 0.491575 0.039062 0.030769
1 0.459473 0.491575 0.038086 0.030769
1 0.347656 0.492308 0.039062 0.030769
1 0.384766 0.492308 0.039062 0.030769
1 0.282227 0.493040 0.039062 0.030769
1 0.245117 0.493407 0.039062 0.030037
1 0.169922 0.494139 0.039062 0.030037
1 0.207520 0.494139 0.038086 0.030037
1 0.828125 0.517949 0.041016 0.030769
1 0.788086 0.518315 0.041016 0.031502
1 0.748535 0.518681 0.040039 0.030769
1 0.709473 0.519048 0.040039 0.031502
1 0.641602 0.519414 0.039062 0.030769
1 0.564453 0.520147 0.039062 0.030769
1 0.603027 0.520147 0.040039 0.030769
1 0.526367 0.520879 0.039062 0.030769
1 0.422852 0.521612 0.039062 0.030769
1 0.459961 0.521245 0.039062 0.030037
1 0.348145 0.522344 0.038086 0.030769
1 0.385254 0.521978 0.038086 0.030037
1 0.282715 0.522711 0.038086 0.030037
1 0.169922 0.523810 0.039062 0.030769
1 0.208008 0.523443 0.039062 0.030037
1 0.245117 0.523443 0.039062 0.030037
1 0.829102 0.548718 0.041016 0.032234
1 0.788574 0.549084 0.040039 0.031502
1 0.749023 0.549084 0.041016 0.031502
1 0.709961 0.549451 0.041016 0.030769
1 0.642090 0.549817 0.040039 0.031502
1 0.603516 0.550183 0.039062 0.030769
1 0.564941 0.550183 0.040039 0.030769
1 0.460938 0.550916 0.039062 0.030769
1 0.527344 0.550916 0.039062 0.030769
1 0.385742 0.551648 0.039062 0.030769
1 0.422852 0.551282 0.039062 0.030037
1 0.348145 0.551648 0.038086 0.030769
1 0.282715 0.552381 0.038086 0.030769
1 0.208008 0.553114 0.039062 0.030769
1 0.245605 0.552747 0.038086 0.030037
1 0.169922 0.553846 0.039062 0.030769
1 0.829590 0.579853 0.041992 0.031502
1 0.750000 0.579487 0.041016 0.030769
1 0.789551 0.579487 0.040039 0.030769
1 0.710449 0.579853 0.040039 0.031502
1 0.604004 0.580220 0.040039 0.030769
1 0.642578 0.580220 0.039062 0.030769
1 0.565430 0.580220 0.039062 0.030769
1 0.527344 0.580220 0.039062 0.030769
1 0.460938 0.580952 0.039062 0.030769
1 0.423828 0.580952 0.039062 0.030769
1 0.348633 0.581685 0.039062 0.030769
1 0.385742 0.581319 0.039062 0.030037
1 0.245605 0.582418 0.038086 0.030769
1 0.208008 0.582418 0.039062 0.030769
1 0.282715 0.582051 0.038086 0.030037
1 0.170410 0.583150 0.040039 0.030769
1 0.830566 0.610623 0.041992 0.031502
1 0.790039 0.610623 0.041016 0.031502
1 0.750488 0.610256 0.040039 0.030769
1 0.711426 0.610256 0.040039 0.030769
1 0.643066 0.610256 0.040039 0.030769
1 0.604492 0.610256 0.039062 0.030769
1 0.566406 0.610623 0.039062 0.031502
1 0.528320 0.610623 0.039062 0.031502
1 0.423828 0.610989 0.039062 0.030769
1 0.461914 0.610989 0.039062 0.030769
1 0.386230 0.610989 0.038086 0.030769
1 0.348633 0.611722 0.039062 0.030769
1 0.283203 0.611722 0.039062 0.030769
1 0.208496 0.612454 0.038086 0.030769
1 0.246094 0.612454 0.039062 0.030769
1 0.169922 0.613187 0.039062 0.030769
1 0.751465 0.640659 0.040039 0.031502
1 0.791016 0.641026 0.041016 0.032234
1 0.712402 0.640659 0.040039 0.031502
1 0.644043 0.640659 0.040039 0.031502
1 0.604980 0.640659 0.040039 0.031502
1 0.566406 0.640659 0.039062 0.031502
1 0.831543 0.641392 0.041992 0.031502
1 0.528320 0.641026 0.039062 0.030769
1 0.461914 0.641026 0.039062 0.030769
1 0.423828 0.641026 0.039062 0.030769
1 0.386230 0.641026 0.038086 0.030769
1 0.349121 0.641026 0.038086 0.030769
1 0.246094 0.641758 0.039062 0.030769
1 0.283691 0.641758 0.038086 0.030769
1 0.170410 0.642857 0.040039 0.031502
1 0.208496 0.642491 0.038086 0.030769
1 0.751953 0.671429 0.041016 0.031502
1 0.712891 0.671429 0.041016 0.031502
1 0.644043 0.671429 0.040039 0.031502
1 0.605957 0.671062 0.040039 0.030769
1 0.567383 0.671062 0.039062 0.030769
1 0.528809 0.671062 0.040039 0.030769
1 0.386719 0.671062 0.039062 0.030769
1 0.424805 0.671062 0.039062 0.030769
1 0.461914 0.671062 0.039062 0.030769
1 0.349121 0.671062 0.038086 0.030769
1 0.832520 0.672527 0.041992 0.032234
1 0.791992 0.672161 0.041016 0.031502
1 0.246094 0.671795 0.039062 0.030769
1 0.208984 0.672161 0.039062 0.031502
1 0.283691 0.671795 0.038086 0.030769
1 0.170410 0.672894 0.040039 0.031502
1 0.529297 0.701465 0.039062 0.031502
1 0.567871 0.701465 0.040039 0.031502
1 0.605957 0.701465 0.040039 0.031502
1 0.424805 0.701465 0.039062 0.031502
1 0.462891 0.701465 0.039062 0.031502
1 0.386719 0.701465 0.039062 0.031502
1 0.713379 0.702198 0.040039 0.031502
1 0.752930 0.702564 0.041016 0.032234
1 0.645020 0.702198 0.040039 0.031502
1 0.246094 0.701832 0.039062 0.030769
1 0.208984 0.702198 0.039062 0.031502
1 0.349609 0.701832 0.039062 0.030769
1 0.283691 0.701832 0.038086 0.030769
1 0.792969 0.703297 0.041016 0.032234
1 0.169922 0.702930 0.039062 0.031502
1 0.833496 0.704029 0.041992 0.032234
1 0.606934 0.732234 0.040039 0.031502
1 0.645996 0.732601 0.040039 0.032234
1 0.568359 0.732234 0.039062 0.031502
1 0.529785 0.732234 0.040039 0.031502
1 0.462891 0.731868 0.039062 0.030769
1 0.424805 0.731868 0.039062 0.030769
1 0.349609 0.731868 0.039062 0.030769
1 0.208008 0.732234 0.039062 0.031502
1 0.387207 0.731868 0.038086 0.030769
1 0.246582 0.731868 0.038086 0.030769
1 0.283691 0.731868 0.038086 0.030769
1 0.753906 0.733333 0.041016 0.032234
1 0.714355 0.733333 0.040039 0.032234
1 0.169434 0.733333 0.040039 0.032234
1 0.793945 0.734066 0.041016 0.032234
1 0.834473 0.735531 0.041992 0.033700
1 0.425293 0.762271 0.040039 0.031502
1 0.387695 0.762271 0.039062 0.031502
1 0.463867 0.762271 0.039062 0.031502
1 0.349609 0.761905 0.039062 0.030769
1 0.208496 0.762271 0.040039 0.031502
1 0.284180 0.761905 0.039062 0.030769
1 0.246582 0.761905 0.038086 0.030769
1 0.607910 0.763004 0.040039 0.031502
1 0.646973 0.763370 0.040039 0.032234
1 0.568848 0.763004 0.040039 0.031502
1 0.530273 0.762637 0.039062 0.030769
1 0.715332 0.764103 0.040039 0.032234
1 0.169922 0.764103 0.041016 0.032234
1 0.754883 0.764835 0.041016 0.032234
1 0.794922 0.765568 0.041016 0.032234
1 0.835938 0.767033 0.042969 0.033700
1 0.425781 0.793040 0.039062 0.031502
1 0.387695 0.793040 0.039062 0.031502
1 0.208496 0.793040 0.040039 0.031502
1 0.284180 0.792674 0.039062 0.030769
1 0.350098 0.792674 0.038086 0.030769
1 0.246094 0.792674 0.039062 0.030769
1 0.169434 0.794139 0.040039 0.032234
1 0.569336 0.793773 0.039062 0.031502
1 0.530762 0.793773 0.040039 0.031502
1 0.463867 0.793773 0.039062 0.031502
1 0.646973 0.794872 0.040039 0.032234
1 0.607910 0.794505 0.040039 0.031502
1 0.716309 0.795604 0.040039 0.032234
1 0.755859 0.795971 0.041016 0.031502
1 0.795898 0.797070 0.041016 0.032234
1 0.836914 0.798535 0.042969 0.033700
1 0.208496 0.823077 0.040039 0.031502
1 0.284180 0.823077 0.039062 0.031502
1 0.246582 0.822711 0.038086 0.030769
1 0.425781 0.823810 0.039062 0.031502
1 0.387695 0.823810 0.039062 0.031502
1 0.350098 0.823810 0.038086 0.031502
1 0.169434 0.824908 0.040039 0.032234
1 0.531738 0.824542 0.040039 0.031502
1 0.466309 0.824542 0.043945 0.031502
1 0.569824 0.824908 0.040039 0.032234
1 0.608887 0.825641 0.040039 0.032234
1 0.647949 0.826374 0.040039 0.032234
1 0.756836 0.827473 0.041016 0.032967
1 0.716797 0.827106 0.041016 0.032234
1 0.796875 0.828938 0.041016 0.032967
1 0.837891 0.830769 0.042969 0.033700
1 0.247070 0.853114 0.039062 0.031502
1 0.208496 0.853846 0.040039 0.031502
1 0.284180 0.853846 0.039062 0.031502
1 0.426270 0.854945 0.040039 0.032234
1 0.387695 0.854579 0.039062 0.031502
1 0.350098 0.854579 0.040039 0.031502
1 0.169434 0.855678 0.040039 0.032234
1 0.464355 0.855311 0.040039 0.031502
1 0.609863 0.856777 0.040039 0.032967
1 0.570801 0.856044 0.040039 0.031502
1 0.531738 0.856044 0.040039 0.031502
1 0.648926 0.857509 0.040039 0.032967
1 0.757812 0.858608 0.041016 0.032234
1 0.718262 0.858242 0.040039 0.031502
1 0.797852 0.860440 0.041016 0.032967
1 0.838867 0.862637 0.042969 0.034432
1 0.208984 0.884249 0.039062 0.032234
1 0.247070 0.883883 0.039062 0.031502
1 0.284180 0.884615 0.039062 0.031502
1 0.169922 0.886081 0.041016 0.032967
1 0.350586 0.885348 0.039062 0.031502
1 0.388672 0.885714 0.039062 0.032234
1 0.464844 0.886447 0.039062 0.032234
1 0.426758 0.886081 0.039062 0.031502
1 0.532715 0.887179 0.040039 0.032234
1 0.610352 0.888278 0.041016 0.032967
1 0.571777 0.887546 0.040039 0.031502
1 0.649414 0.889011 0.041016 0.032967
1 0.758789 0.890476 0.041016 0.032967
1 0.718750 0.890110 0.041016 0.032234
1 0.798828 0.891941 0.041016 0.032967
1 0.839844 0.894505 0.042969 0.035165
1 0.443848 0.369231 0.028320 0.021978
0 0.469238 0.369231 0.028320 0.021978
0 0.495605 0.368498 0.028320 0.021978
0 0.521484 0.367766 0.029297 0.021978
2 0.443848 0.389377 0.028320 0.021245
0 0.469727 0.389011 0.029297 0.021978
0 0.496094 0.388278 0.029297 0.021978
0 0.521484 0.387546 0.029297 0.021978
3 0.444336 0.409524 0.029297 0.021978
0 0.469727 0.408791 0.029297 0.021978
0 0.496094 0.408791 0.029297 0.021978
0 0.522461 0.408059 0.029297 0.021978
