1 0.837891 0.178022 0.041016 0.032234
1 0.800781 0.179853 0.039062 0.031502
1 0.764160 0.180952 0.040039 0.032234
1 0.727539 0.182051 0.039062 0.031502
1 0.691406 0.183516 0.039062 0.031502
1 0.654785 0.184249 0.040039 0.031502
1 0.618652 0.184982 0.040039 0.031502
1 0.583008 0.185714 0.039062 0.031502
1 0.546387 0.186813 0.040039 0.030769
1 0.510742 0.187179 0.039062 0.031502
1 0.838379 0.208791 0.040039 0.032234
1 0.801270 0.210256 0.040039 0.032234
1 0.764160 0.211355 0.040039 0.031502
1 0.727539 0.212821 0.039062 0.031502
1 0.691406 0.213553 0.039062 0.031502
1 0.655273 0.214286 0.039062 0.031502
1 0.619141 0.215385 0.039062 0.030769
1 0.583008 0.216117 0.039062 0.030769
1 0.546875 0.216850 0.039062 0.030769
1 0.511230 0.217582 0.038086 0.030769
1 0.838379 0.239194 0.040039 0.031502
1 0.801270 0.240659 0.040039 0.031502
1 0.764648 0.241392 0.039062 0.031502
1 0.728516 0.242491 0.039062 0.030769
1 0.692383 0.243590 0.039062 0.031502
1 0.655762 0.244322 0.040039 0.031502
1 0.619629 0.245421 0.040039 0.030769
1 0.583984 0.246154 0.039062 0.030769
1 0.547852 0.246886 0.039062 0.030769
1 0.511719 0.247619 0.039062 0.030769
1 0.839355 0.287546 0.040039 0.031502
1 0.802246 0.288278 0.040039 0.031502
1 0.766113 0.289377 0.040039 0.030769
1 0.729492 0.290110 0.039062 0.030769
1 0.693359 0.290476 0.039062 0.031502
1 0.657227 0.291575 0.039062 0.030769
1 0.621094 0.292308 0.039062 0.030769
1 0.584961 0.293040 0.039062 0.030769
1 0.548828 0.293773 0.039062 0.030769
1 0.512695 0.294505 0.039062 0.030769
1 0.843750 0.432234 0.041016 0.030769
1 0.804199 0.432967 0.040039 0.030769
1 0.766113 0.433700 0.040039 0.030769
1 0.727539 0.434432 0.039062 0.030769
1 0.660645 0.435165 0.040039 0.030769
1 0.621582 0.435897 0.040039 0.030769
1 0.583496 0.436630 0.040039 0.030769
1 0.544922 0.437363 0.039062 0.030769
1 0.478027 0.438462 0.040039 0.031502
1 0.439941 0.438828 0.040039 0.030769
1 0.401367 0.439560 0.039062 0.030769
1 0.363281 0.440293 0.039062 0.030769
1 0.295898 0.441026 0.039062 0.030769
1 0.178711 0.441758 0.041016 0.030769
1 0.218262 0.441758 0.040039 0.030769
1 0.257324 0.441392 0.040039 0.030037
1 0.844727 0.462637 0.041016 0.031502
1 0.806152 0.463370 0.040039 0.031502
1 0.767090 0.463736 0.040039 0.030769
1 0.728516 0.464469 0.039062 0.030769
1 0.661621 0.465568 0.040039 0.031502
1 0.622559 0.465934 0.040039 0.030769
1 0.584473 0.466667 0.040039 0.030769
1 0.544434 0.467399 0.041992 0.030769
1 0.478516 0.468498 0.039062 0.031502
1 0.440430 0.468864 0.039062 0.030769
1 0.402344 0.469597 0.039062 0.030769
1 0.363770 0.470330 0.040039 0.030769
1 0.296387 0.471062 0.040039 0.030769
1 0.179199 0.471795 0.040039 0.030769
1 0.218750 0.471795 0.039062 0.030769
1 0.257812 0.471795 0.039062 0.030769
1 0.845703 0.492674 0.041016 0.031502
1 0.807129 0.493773 0.040039 0.030769
1 0.768066 0.494139 0.040039 0.031502
1 0.729492 0.494872 0.039062 0.031502
1 0.661621 0.495971 0.040039 0.030769
1 0.623535 0.496337 0.040039 0.031502
1 0.584961 0.497070 0.039062 0.031502
1 0.546387 0.497436 0.040039 0.030769
1 0.479004 0.498535 0.040039 0.031502
1 0.440918 0.499267 0.040039 0.031502
1 0.402344 0.499634 0.039062 0.030769
1 0.364258 0.500366 0.039062 0.030769
1 0.296875 0.501099 0.039062 0.030769
1 0.258301 0.501832 0.040039 0.030769
1 0.219238 0.502198 0.040039 0.031502
1 0.179688 0.502564 0.041016 0.030769
1 0.847656 0.523443 0.041016 0.031502
1 0.808105 0.523810 0.040039 0.030769
1 0.769043 0.524542 0.040039 0.030769
1 0.730469 0.524908 0.039062 0.031502
1 0.662598 0.526007 0.040039 0.030769
1 0.585938 0.527106 0.039062 0.031502
1 0.624512 0.526740 0.040039 0.030769
1 0.547363 0.527839 0.040039 0.031502
1 0.479980 0.528938 0.040039 0.030769
1 0.441406 0.529304 0.039062 0.031502
1 0.403320 0.530037 0.039062 0.031502
1 0.364746 0.530403 0.040039 0.030769
1 0.297363 0.531502 0.040039 0.031502
1 0.258301 0.531868 0.040039 0.030769
1 0.179688 0.532967 0.041016 0.031502
1 0.219238 0.532601 0.040039 0.030769
1 0.848633 0.553846 0.041016 0.030769
1 0.809570 0.554212 0.041016 0.031502
1 0.770508 0.554945 0.041016 0.031502
1 0.731934 0.555311 0.040039 0.030769
1 0.663574 0.556410 0.040039 0.031502
1 0.625000 0.557143 0.039062 0.031502
1 0.586426 0.557509 0.040039 0.030769
1 0.548340 0.558242 0.040039 0.030769
1 0.480469 0.558974 0.039062 0.030769
1 0.441895 0.559707 0.040039 0.030769
1 0.403320 0.560073 0.039062 0.031502
1 0.365234 0.560806 0.039062 0.031502
1 0.297852 0.561905 0.039062 0.030769
1 0.259277 0.562271 0.040039 0.031502
1 0.219238 0.563004 0.040039 0.031502
1 0.179688 0.563736 0.041016 0.031502
1 0.850586 0.584249 0.041016 0.031502
1 0.811035 0.584982 0.041992 0.031502
1 0.771484 0.585714 0.041016 0.031502
1 0.732910 0.585714 0.040039 0.031502
1 0.664551 0.587179 0.040039 0.031502
1 0.625977 0.587179 0.039062 0.031502
1 0.587402 0.587912 0.040039 0.031502
1 0.548828 0.588645 0.039062 0.031502
1 0.480957 0.589377 0.040039 0.031502
1 0.442871 0.590110 0.040039 0.031502
1 0.404297 0.590842 0.039062 0.031502
1 0.365723 0.591575 0.040039 0.031502
1 0.297852 0.592308 0.039062 0.031502
1 0.259277 0.593040 0.040039 0.031502
1 0.220215 0.593773 0.040039 0.031502
1 0.179688 0.594505 0.041016 0.031502
1 0.852051 0.615385 0.041992 0.032234
1 0.812500 0.615751 0.041016 0.031502
1 0.773438 0.616484 0.041016 0.031502
1 0.734375 0.616484 0.041016 0.031502
1 0.665527 0.617582 0.040039 0.032234
1 0.626953 0.617949 0.041016 0.031502
1 0.588379 0.618681 0.040039 0.031502
1 0.549316 0.619414 0.040039 0.031502
1 0.481934 0.620147 0.040039 0.031502
1 0.404785 0.620879 0.040039 0.031502
1 0.442871 0.620513 0.040039 0.030769
1 0.366211 0.621612 0.039062 0.031502
1 0.259277 0.623443 0.040039 0.032234
1 0.298340 0.623077 0.040039 0.031502
1 0.220215 0.624176 0.040039 0.032234
1 0.179688 0.624908 0.041016 0.032234
1 0.854492 0.646520 0.042969 0.031502
1 0.814941 0.646886 0.041992 0.032234
1 0.775391 0.647253 0.041016 0.031502
1 0.735840 0.647619 0.041992 0.032234
1 0.666992 0.648352 0.041016 0.032234
1 0.627930 0.648718 0.041016 0.031502
1 0.589355 0.649451 0.040039 0.031502
1 0.550293 0.649817 0.040039 0.032234
1 0.443848 0.651282 0.040039 0.032234
1 0.482422 0.650916 0.039062 0.031502
1 0.405273 0.651648 0.039062 0.031502
1 0.366699 0.652381 0.040039 0.031502
1 0.298828 0.653480 0.039062 0.032234
1 0.259277 0.654212 0.040039 0.032234
1 0.220215 0.654945 0.040039 0.032234
1 0.179688 0.656410 0.041016 0.032234
1 0.857422 0.678388 0.042969 0.032234
1 0.816895 0.678388 0.041992 0.032234
1 0.737305 0.679121 0.041016 0.032234
1 0.776855 0.678755 0.041992 0.031502
1 0.667969 0.679487 0.041016 0.031502
1 0.629395 0.679853 0.040039 0.032234
1 0.590332 0.680220 0.040039 0.031502
1 0.551270 0.680952 0.040039 0.031502
1 0.482910 0.681685 0.040039 0.031502
1 0.443848 0.682051 0.040039 0.032234
1 0.405273 0.682418 0.039062 0.031502
1 0.366699 0.683150 0.040039 0.031502
1 0.298828 0.684249 0.039062 0.032234
1 0.259277 0.684982 0.040039 0.032234
1 0.220215 0.685714 0.040039 0.032234
1 0.179688 0.687179 0.041016 0.032234
1 0.860352 0.710256 0.042969 0.032967
1 0.819824 0.710256 0.041992 0.032967
1 0.779785 0.710623 0.041992 0.032234
1 0.739746 0.710623 0.041992 0.032234
1 0.669922 0.711355 0.041016 0.032234
1 0.630371 0.711355 0.040039 0.032234
1 0.591309 0.711355 0.040039 0.032234
1 0.552246 0.712088 0.040039 0.032234
1 0.483887 0.712821 0.040039 0.032234
1 0.444824 0.713553 0.040039 0.032234
1 0.405762 0.713553 0.040039 0.032234
1 0.367188 0.714286 0.039062 0.032234
1 0.260254 0.715751 0.040039 0.032234
1 0.298828 0.715385 0.039062 0.031502
1 0.220215 0.717216 0.040039 0.032234
1 0.179688 0.718315 0.041016 0.032967
1 0.863770 0.742491 0.043945 0.032967
1 0.782227 0.742857 0.042969 0.032234
1 0.822266 0.742857 0.042969 0.032234
1 0.741699 0.742857 0.041992 0.032234
1 0.671387 0.743223 0.041992 0.032967
1 0.631836 0.743223 0.041016 0.032967
1 0.592285 0.743590 0.040039 0.032234
1 0.552734 0.743590 0.041016 0.032234
1 0.483887 0.744322 0.040039 0.032234
1 0.444824 0.744322 0.040039 0.032234
1 0.406250 0.745055 0.039062 0.032234
1 0.367188 0.745788 0.039062 0.032234
1 0.298828 0.746520 0.039062 0.032234
1 0.260254 0.747253 0.040039 0.032234
1 0.220215 0.748352 0.040039 0.032967
1 0.179688 0.749817 0.041016 0.032967
1 0.866699 0.775824 0.043945 0.033700
1 0.825684 0.775824 0.043945 0.033700
1 0.785156 0.775824 0.042969 0.033700
1 0.744141 0.775824 0.042969 0.032234
1 0.673340 0.775824 0.041992 0.032234
1 0.553711 0.776190 0.041016 0.032967
1 0.632812 0.775824 0.041016 0.032234
1 0.593750 0.775824 0.041016 0.032234
1 0.484863 0.776557 0.040039 0.032234
1 0.445801 0.776557 0.040039 0.032234
1 0.367676 0.777289 0.040039 0.032234
1 0.406738 0.777289 0.040039 0.032234
1 0.298828 0.778022 0.039062 0.032234
1 0.260254 0.778755 0.040039 0.032234
1 0.220215 0.779853 0.040039 0.032967
1 0.179688 0.781319 0.041016 0.032967
1 0.675293 0.808791 0.041992 0.033700
1 0.634766 0.808791 0.041016 0.033700
1 0.594727 0.808791 0.041016 0.033700
1 0.554688 0.808791 0.041016 0.033700
1 0.870117 0.809524 0.044922 0.033700
1 0.828613 0.809524 0.043945 0.033700
1 0.787109 0.809158 0.042969 0.032967
1 0.746094 0.809158 0.042969 0.032967
1 0.445801 0.809158 0.040039 0.032967
1 0.485352 0.809158 0.041016 0.032967
1 0.406738 0.809158 0.040039 0.032967
1 0.367676 0.809524 0.040039 0.032234
1 0.298828 0.810256 0.039062 0.032234
1 0.260254 0.810623 0.040039 0.032967
1 0.220215 0.811355 0.040039 0.032967
1 0.179688 0.813187 0.041016 0.033700
1 0.676758 0.842491 0.042969 0.033700
1 0.790039 0.842491 0.042969 0.033700
1 0.749023 0.842491 0.042969 0.033700
1 0.636230 0.842491 0.041992 0.033700
1 0.555664 0.842125 0.041016 0.032967
1 0.595703 0.842125 0.041016 0.032967
1 0.485840 0.842125 0.040039 0.032967
1 0.445801 0.842125 0.040039 0.032967
1 0.367676 0.842125 0.040039 0.032967
1 0.406738 0.841758 0.040039 0.032234
1 0.298828 0.842125 0.039062 0.032967
1 0.873535 0.843223 0.043945 0.033700
1 0.831543 0.843223 0.043945 0.033700
1 0.260254 0.842491 0.040039 0.032234
1 0.220215 0.843223 0.040039 0.032234
1 0.180176 0.844689 0.041992 0.033700
1 0.367676 0.874359 0.040039 0.032967
1 0.406738 0.874725 0.040039 0.033700
1 0.556641 0.875458 0.041016 0.033700
1 0.597168 0.875824 0.041992 0.034432
1 0.486328 0.875458 0.041016 0.033700
1 0.446777 0.875092 0.040039 0.032967
1 0.220215 0.875092 0.040039 0.032967
1 0.299316 0.874725 0.040039 0.032234
1 0.260254 0.874725 0.040039 0.032234
1 0.678711 0.876557 0.042969 0.034432
1 0.637695 0.876557 0.042969 0.034432
1 0.180176 0.876190 0.041992 0.033700
1 0.834473 0.877289 0.043945 0.034432
1 0.792480 0.877289 0.043945 0.034432
1 0.750977 0.876923 0.042969 0.033700
1 0.876465 0.878022 0.043945 0.034432
1 0.461914 0.346520 0.029297 0.021978
0 0.488281 0.345788 0.029297 0.021978
0 0.514648 0.345788 0.029297 0.021978
0 0.540039 0.345055 0.029297 0.021978
2 0.462891 0.366300 0.029297 0.021978
0 0.488281 0.365934 0.029297 0.021245
0 0.514648 0.365201 0.029297 0.021245
0 0.541016 0.364835 0.029297 0.021978
3 0.462891 0.386447 0.029297 0.021245
0 0.489258 0.386081 0.029297 0.021978
0 0.515625 0.385348 0.029297 0.021978
0 0.541504 0.384982 0.030273 0.021245
