1 0.802246 0.222344 0.038086 0.030037
1 0.768066 0.223810 0.038086 0.028571
1 0.734375 0.224542 0.037109 0.028571
1 0.701172 0.226007 0.037109 0.028571
1 0.667480 0.226740 0.036133 0.028571
1 0.634766 0.227473 0.037109 0.028571
1 0.601074 0.228205 0.036133 0.028571
1 0.567871 0.228571 0.036133 0.027839
1 0.535156 0.229304 0.037109 0.027839
1 0.502441 0.229670 0.036133 0.027106
1 0.803223 0.249451 0.038086 0.030037
1 0.769043 0.250549 0.038086 0.029304
1 0.735352 0.251648 0.037109 0.028571
1 0.701660 0.252381 0.036133 0.028571
1 0.668457 0.253114 0.036133 0.028571
1 0.634766 0.253846 0.037109 0.028571
1 0.601562 0.254579 0.037109 0.028571
1 0.568848 0.255311 0.036133 0.028571
1 0.535645 0.255678 0.036133 0.027839
1 0.502441 0.256044 0.036133 0.028571
1 0.804199 0.276557 0.038086 0.028571
1 0.770020 0.278022 0.038086 0.028571
1 0.736328 0.278755 0.037109 0.028571
1 0.702637 0.279487 0.038086 0.028571
1 0.668945 0.279853 0.037109 0.027839
1 0.635742 0.280586 0.037109 0.027839
1 0.602539 0.281319 0.037109 0.027839
1 0.569336 0.281319 0.037109 0.027839
1 0.536133 0.282051 0.037109 0.027839
1 0.502930 0.282784 0.037109 0.027839
1 0.806152 0.319780 0.038086 0.028571
1 0.771973 0.320513 0.038086 0.028571
1 0.738281 0.321245 0.037109 0.028571
1 0.704102 0.321978 0.037109 0.028571
1 0.670898 0.322344 0.037109 0.027839
1 0.637207 0.322344 0.038086 0.027839
1 0.603516 0.323077 0.037109 0.027839
1 0.570312 0.323443 0.037109 0.028571
1 0.537109 0.323810 0.037109 0.027839
1 0.503906 0.324176 0.037109 0.028571
1 0.814941 0.451282 0.040039 0.029304
1 0.778320 0.451648 0.039062 0.028571
1 0.741211 0.452015 0.039062 0.029304
1 0.641602 0.452747 0.039062 0.029304
1 0.705566 0.452381 0.038086 0.028571
1 0.604980 0.453480 0.038086 0.029304
1 0.568848 0.453846 0.038086 0.028571
1 0.532715 0.454212 0.038086 0.029304
1 0.469727 0.454945 0.037109 0.029304
1 0.187500 0.455678 0.039062 0.029304
1 0.433594 0.455678 0.037109 0.029304
1 0.224609 0.456410 0.039062 0.029304
1 0.298340 0.456410 0.038086 0.029304
1 0.397461 0.456044 0.037109 0.028571
1 0.361328 0.456044 0.037109 0.028571
1 0.261719 0.456777 0.039062 0.028571
1 0.816895 0.479121 0.040039 0.029304
1 0.779785 0.479853 0.040039 0.029304
1 0.743164 0.479853 0.039062 0.029304
1 0.706543 0.480586 0.038086 0.029304
1 0.605957 0.481319 0.038086 0.029304
1 0.642578 0.480952 0.039062 0.028571
1 0.569824 0.482051 0.038086 0.029304
1 0.533691 0.482051 0.038086 0.029304
1 0.433594 0.483516 0.037109 0.029304
1 0.469727 0.483150 0.037109 0.028571
1 0.186035 0.484249 0.040039 0.029304
1 0.361328 0.484249 0.037109 0.029304
1 0.397461 0.483883 0.037109 0.028571
1 0.223633 0.484615 0.039062 0.028571
1 0.260742 0.484615 0.039062 0.028571
1 0.297363 0.484615 0.038086 0.028571
1 0.819824 0.507326 0.040039 0.030037
1 0.781738 0.507692 0.040039 0.029304
1 0.745117 0.508425 0.039062 0.029304
1 0.708008 0.508425 0.039062 0.029304
1 0.643555 0.509158 0.039062 0.029304
1 0.606934 0.509890 0.038086 0.029304
1 0.570801 0.509890 0.038086 0.029304
1 0.533691 0.510623 0.038086 0.029304
1 0.470215 0.511355 0.038086 0.029304
1 0.434082 0.511722 0.038086 0.030037
1 0.360840 0.512088 0.038086 0.029304
1 0.397461 0.512088 0.037109 0.029304
1 0.185059 0.512821 0.040039 0.029304
1 0.222656 0.512821 0.039062 0.029304
1 0.260254 0.512821 0.038086 0.029304
1 0.296387 0.512821 0.038086 0.029304
1 0.822266 0.535897 0.041016 0.030037
1 0.784180 0.536630 0.041016 0.030037
1 0.747070 0.536630 0.039062 0.030037
1 0.709961 0.537363 0.039062 0.030037
1 0.607910 0.538095 0.038086 0.030037
1 0.645020 0.537729 0.038086 0.029304
1 0.534668 0.538828 0.038086 0.030037
1 0.571289 0.538828 0.039062 0.030037
1 0.470215 0.539560 0.038086 0.030037
1 0.434082 0.540293 0.038086 0.030037
1 0.360840 0.540659 0.038086 0.029304
1 0.396973 0.540659 0.038086 0.029304
1 0.184082 0.541758 0.040039 0.030037
1 0.221680 0.541758 0.039062 0.030037
1 0.259277 0.541758 0.038086 0.030037
1 0.296387 0.541392 0.038086 0.029304
1 0.825195 0.564469 0.041016 0.030037
1 0.786621 0.565201 0.040039 0.030037
1 0.748535 0.565934 0.040039 0.030037
1 0.711426 0.565934 0.040039 0.030037
1 0.646484 0.566667 0.039062 0.030037
1 0.572266 0.567399 0.039062 0.030037
1 0.609375 0.567033 0.039062 0.029304
1 0.535156 0.567766 0.039062 0.029304
1 0.434082 0.568864 0.038086 0.030037
1 0.470703 0.568498 0.037109 0.029304
1 0.396973 0.569231 0.038086 0.029304
1 0.359863 0.569597 0.038086 0.030037
1 0.258789 0.570330 0.039062 0.030037
1 0.295410 0.570330 0.038086 0.030037
1 0.182617 0.571062 0.041016 0.030037
1 0.220703 0.570696 0.039062 0.029304
1 0.827637 0.594139 0.041992 0.030769
1 0.789062 0.594505 0.041016 0.030037
1 0.750977 0.594872 0.041016 0.030769
1 0.713379 0.595238 0.040039 0.030037
1 0.647461 0.595971 0.039062 0.030037
1 0.610352 0.595971 0.039062 0.030037
1 0.573242 0.596703 0.039062 0.030037
1 0.535645 0.596703 0.038086 0.030037
1 0.434082 0.597802 0.038086 0.030769
1 0.471191 0.597436 0.038086 0.030037
1 0.396973 0.598168 0.038086 0.030037
1 0.359863 0.598901 0.038086 0.030037
1 0.294922 0.599267 0.039062 0.030769
1 0.219727 0.600000 0.039062 0.030769
1 0.257812 0.599634 0.039062 0.030037
1 0.181152 0.600366 0.040039 0.030037
1 0.830566 0.623443 0.041992 0.030769
1 0.791504 0.624176 0.041992 0.030769
1 0.752930 0.624176 0.041016 0.030769
1 0.714844 0.624908 0.041016 0.030769
1 0.611328 0.625641 0.039062 0.030769
1 0.648926 0.625275 0.040039 0.030037
1 0.536621 0.626374 0.038086 0.030769
1 0.574219 0.626007 0.039062 0.030037
1 0.434082 0.627106 0.038086 0.030769
1 0.471191 0.626740 0.038086 0.030037
1 0.396973 0.627839 0.038086 0.030769
1 0.293945 0.628571 0.039062 0.030769
1 0.359375 0.628205 0.039062 0.030037
1 0.256836 0.629304 0.039062 0.030769
1 0.218750 0.629304 0.039062 0.030769
1 0.179688 0.630037 0.041016 0.030769
1 0.833496 0.653846 0.041992 0.031502
1 0.794434 0.654212 0.041992 0.030769
1 0.755371 0.654579 0.041992 0.031502
1 0.716797 0.654945 0.041016 0.030769
1 0.649902 0.654945 0.040039 0.030769
1 0.612305 0.655678 0.039062 0.030769
1 0.574707 0.655678 0.040039 0.030769
1 0.537109 0.656410 0.039062 0.030769
1 0.471191 0.656410 0.038086 0.030769
1 0.434082 0.657143 0.038086 0.030769
1 0.396973 0.657143 0.038086 0.030769
1 0.359375 0.657875 0.039062 0.030769
1 0.292969 0.658608 0.039062 0.030769
1 0.217285 0.659707 0.040039 0.031502
1 0.255371 0.659341 0.040039 0.030769
1 0.178711 0.660440 0.041016 0.031502
1 0.836914 0.684615 0.042969 0.031502
1 0.718750 0.685348 0.041016 0.031502
1 0.797363 0.684982 0.041992 0.030769
1 0.757812 0.684982 0.041016 0.030769
1 0.651855 0.685348 0.040039 0.031502
1 0.575684 0.686081 0.040039 0.031502
1 0.613770 0.685714 0.040039 0.030769
1 0.471680 0.686813 0.039062 0.031502
1 0.538086 0.686447 0.039062 0.030769
1 0.396484 0.687546 0.039062 0.031502
1 0.434082 0.687179 0.038086 0.030769
1 0.358398 0.687912 0.039062 0.030769
1 0.292969 0.689011 0.039062 0.031502
1 0.216309 0.689744 0.040039 0.031502
1 0.254395 0.689377 0.040039 0.030769
1 0.177246 0.690842 0.041992 0.032234
1 0.839844 0.716484 0.042969 0.032234
1 0.799805 0.716117 0.042969 0.031502
1 0.760254 0.716117 0.041992 0.031502
1 0.721680 0.716117 0.041016 0.031502
1 0.653320 0.716484 0.041016 0.032234
1 0.614746 0.716484 0.040039 0.032234
1 0.576660 0.716850 0.040039 0.031502
1 0.538086 0.716850 0.039062 0.031502
1 0.471680 0.717582 0.039062 0.031502
1 0.434082 0.717582 0.038086 0.031502
1 0.358398 0.718681 0.039062 0.032234
1 0.396484 0.718315 0.039062 0.031502
1 0.291504 0.719414 0.040039 0.032234
1 0.253418 0.720147 0.040039 0.032234
1 0.214844 0.720879 0.041016 0.032234
1 0.175781 0.721612 0.041016 0.032234
1 0.843262 0.747985 0.043945 0.032234
1 0.802734 0.747985 0.042969 0.032234
1 0.763184 0.747985 0.041992 0.032234
1 0.723633 0.747985 0.041016 0.032234
1 0.655273 0.747985 0.041016 0.032234
1 0.616211 0.747985 0.041016 0.032234
1 0.577637 0.747985 0.040039 0.032234
1 0.471680 0.748718 0.039062 0.032234
1 0.539062 0.748352 0.039062 0.031502
1 0.433594 0.748718 0.039062 0.032234
1 0.357910 0.749451 0.040039 0.032234
1 0.395508 0.749084 0.039062 0.031502
1 0.252441 0.750916 0.040039 0.032234
1 0.290527 0.750549 0.040039 0.031502
1 0.213867 0.751648 0.041016 0.032234
1 0.174316 0.753114 0.041992 0.032234
1 0.846191 0.780586 0.043945 0.032967
1 0.805664 0.780220 0.042969 0.032234
1 0.765625 0.780220 0.042969 0.032234
1 0.726074 0.780220 0.041992 0.032234
1 0.656738 0.780220 0.041992 0.032234
1 0.578613 0.780220 0.040039 0.032234
1 0.617676 0.780220 0.040039 0.032234
1 0.539551 0.780220 0.040039 0.032234
1 0.472168 0.780220 0.040039 0.032234
1 0.395508 0.780952 0.039062 0.032234
1 0.357422 0.781319 0.039062 0.032967
1 0.433594 0.780586 0.039062 0.031502
1 0.251465 0.782418 0.040039 0.032234
1 0.289551 0.782418 0.040039 0.032234
1 0.212402 0.783516 0.040039 0.032967
1 0.172363 0.784982 0.041992 0.032967
1 0.579590 0.812088 0.040039 0.032967
1 0.808594 0.813187 0.042969 0.033700
1 0.768066 0.812821 0.041992 0.032967
1 0.658691 0.812821 0.041992 0.032967
1 0.728027 0.812821 0.041992 0.032967
1 0.619141 0.812821 0.041016 0.032967
1 0.540527 0.812454 0.040039 0.032234
1 0.472656 0.812821 0.039062 0.032967
1 0.433594 0.812454 0.039062 0.032234
1 0.395508 0.812821 0.039062 0.032967
1 0.849609 0.813919 0.044922 0.033700
1 0.356934 0.813187 0.040039 0.032234
1 0.288574 0.814286 0.040039 0.032967
1 0.250488 0.814652 0.040039 0.032234
1 0.210938 0.815751 0.041016 0.032967
1 0.171387 0.816850 0.041992 0.033700
1 0.620605 0.845421 0.041992 0.033700
1 0.581055 0.845421 0.041016 0.033700
1 0.395020 0.845055 0.040039 0.032967
1 0.541504 0.845421 0.040039 0.033700
1 0.433594 0.845055 0.039062 0.032967
1 0.472656 0.845055 0.039062 0.032967
1 0.811523 0.846154 0.042969 0.033700
1 0.770996 0.846154 0.041992 0.033700
1 0.730957 0.846154 0.041992 0.033700
1 0.660645 0.846154 0.041992 0.033700
1 0.355957 0.845788 0.040039 0.032967
1 0.853027 0.847253 0.043945 0.034432
1 0.287598 0.846520 0.040039 0.032967
1 0.209961 0.847619 0.041016 0.033700
1 0.249023 0.846886 0.041016 0.032234
1 0.169434 0.849084 0.041992 0.033700
1 0.395020 0.878022 0.040039 0.032967
1 0.355957 0.878388 0.040039 0.033700
1 0.473145 0.878388 0.040039 0.033700
1 0.433594 0.878388 0.039062 0.033700
1 0.582031 0.879121 0.041016 0.033700
1 0.622070 0.879487 0.041016 0.034432
1 0.541992 0.879121 0.041016 0.033700
1 0.814453 0.880220 0.042969 0.034432
1 0.773438 0.879853 0.042969 0.033700
1 0.662598 0.880220 0.041992 0.034432
1 0.732910 0.879853 0.041992 0.033700
1 0.248047 0.879487 0.041016 0.032967
1 0.286621 0.879487 0.040039 0.032967
1 0.855957 0.880952 0.043945 0.034432
1 0.208496 0.880220 0.040039 0.032967
1 0.168457 0.882051 0.041992 0.035165
1 0.456055 0.371429 0.027344 0.020513
0 0.480469 0.370696 0.027344 0.020513
0 0.504883 0.370696 0.027344 0.020513
0 0.528809 0.369963 0.028320 0.020513
2 0.456055 0.389377 0.027344 0.019780
0 0.480469 0.389011 0.027344 0.020513
0 0.504883 0.388278 0.027344 0.020513
0 0.529297 0.387912 0.027344 0.019780
3 0.456055 0.407326 0.027344 0.020513
0 0.480469 0.407326 0.027344 0.020513
0 0.505371 0.406593 0.028320 0.020513
0 0.529785 0.405861 0.028320 0.020513
