1 0.818359 0.173993 0.041016 0.031502
1 0.781738 0.175824 0.040039 0.030769
1 0.745605 0.176557 0.040039 0.030769
1 0.709961 0.178022 0.039062 0.030769
1 0.673828 0.178755 0.039062 0.030769
1 0.638672 0.179487 0.039062 0.030769
1 0.602539 0.180586 0.039062 0.030037
1 0.567383 0.181685 0.039062 0.030769
1 0.532227 0.182418 0.039062 0.030769
1 0.496582 0.182784 0.038086 0.030037
1 0.819824 0.202564 0.040039 0.031502
1 0.782715 0.204396 0.040039 0.030769
1 0.746582 0.205861 0.040039 0.030769
1 0.710938 0.206960 0.039062 0.030037
1 0.674805 0.207692 0.039062 0.030037
1 0.639648 0.208791 0.039062 0.030769
1 0.603516 0.209524 0.039062 0.030769
1 0.568359 0.210623 0.039062 0.030037
1 0.532227 0.211722 0.039062 0.030769
1 0.497070 0.212454 0.039062 0.030769
1 0.821289 0.231868 0.041016 0.031502
1 0.784180 0.233700 0.041016 0.030769
1 0.748047 0.235165 0.039062 0.030769
1 0.711914 0.235897 0.039062 0.030769
1 0.676270 0.236996 0.040039 0.030037
1 0.640625 0.237729 0.039062 0.030037
1 0.604492 0.238828 0.039062 0.030769
1 0.569336 0.239560 0.039062 0.030769
1 0.533203 0.240659 0.039062 0.030037
1 0.498047 0.241758 0.039062 0.030769
1 0.823242 0.278022 0.041016 0.031502
1 0.786621 0.279853 0.040039 0.030769
1 0.750000 0.281319 0.039062 0.030769
1 0.713867 0.282051 0.039062 0.030769
1 0.677734 0.282784 0.039062 0.030769
1 0.642090 0.283883 0.040039 0.030037
1 0.606445 0.284615 0.039062 0.030037
1 0.570312 0.285714 0.039062 0.030769
1 0.535156 0.286447 0.039062 0.030769
1 0.499512 0.287179 0.038086 0.030769
1 0.830566 0.420513 0.041992 0.032234
1 0.791016 0.421978 0.041016 0.030769
1 0.751953 0.423077 0.041016 0.031502
1 0.713379 0.423810 0.040039 0.031502
1 0.645996 0.424908 0.040039 0.030769
1 0.607910 0.426007 0.040039 0.031502
1 0.569824 0.427106 0.040039 0.030769
1 0.531738 0.427106 0.040039 0.030769
1 0.465332 0.428571 0.040039 0.030769
1 0.427734 0.429304 0.039062 0.030769
1 0.389648 0.430037 0.039062 0.030769
1 0.351562 0.431136 0.039062 0.030037
1 0.286133 0.432234 0.039062 0.030769
1 0.249023 0.433700 0.039062 0.030769
1 0.211914 0.434432 0.039062 0.030769
1 0.173828 0.434799 0.039062 0.030037
1 0.832520 0.450916 0.041992 0.031502
1 0.792480 0.452015 0.041992 0.030769
1 0.753418 0.453114 0.040039 0.031502
1 0.714355 0.453480 0.040039 0.030769
1 0.646973 0.454945 0.040039 0.030769
1 0.608887 0.455678 0.040039 0.030769
1 0.570801 0.456410 0.040039 0.030769
1 0.532715 0.457143 0.040039 0.030769
1 0.465820 0.458608 0.039062 0.030769
1 0.427734 0.459341 0.039062 0.030769
1 0.390625 0.460073 0.039062 0.030769
1 0.352539 0.460806 0.039062 0.030769
1 0.286621 0.462271 0.038086 0.030769
1 0.249023 0.463004 0.039062 0.030769
1 0.211914 0.463736 0.039062 0.030769
1 0.173828 0.464469 0.039062 0.030769
1 0.833984 0.480952 0.042969 0.031502
1 0.794434 0.481685 0.041992 0.031502
1 0.754883 0.483150 0.041016 0.031502
1 0.715820 0.483516 0.041016 0.030769
1 0.648438 0.484982 0.041016 0.030769
1 0.609863 0.485714 0.040039 0.030769
1 0.571777 0.486447 0.040039 0.030769
1 0.533691 0.487179 0.040039 0.030769
1 0.466309 0.488278 0.040039 0.031502
1 0.428711 0.489011 0.039062 0.031502
1 0.390625 0.489744 0.039062 0.031502
1 0.352539 0.490842 0.039062 0.030769
1 0.287109 0.491941 0.039062 0.031502
1 0.249512 0.493040 0.038086 0.030769
1 0.211914 0.493773 0.039062 0.030769
1 0.173340 0.494139 0.040039 0.030037
1 0.834961 0.511355 0.044922 0.032234
1 0.795410 0.512454 0.041992 0.031502
1 0.755859 0.513187 0.041016 0.031502
1 0.717773 0.513919 0.041016 0.031502
1 0.649902 0.515018 0.040039 0.030769
1 0.610840 0.515751 0.040039 0.030769
1 0.572754 0.516484 0.040039 0.030769
1 0.534668 0.517216 0.040039 0.030769
1 0.467285 0.518315 0.040039 0.031502
1 0.429199 0.519048 0.040039 0.031502
1 0.391113 0.519780 0.040039 0.031502
1 0.353516 0.520513 0.039062 0.031502
1 0.287109 0.521612 0.039062 0.030769
1 0.249512 0.522344 0.038086 0.030769
1 0.211914 0.523077 0.039062 0.030769
1 0.173340 0.523810 0.040039 0.030769
1 0.837891 0.541758 0.042969 0.031502
1 0.797363 0.542491 0.041992 0.031502
1 0.757812 0.543223 0.041016 0.031502
1 0.718750 0.543956 0.041016 0.031502
1 0.650879 0.545421 0.040039 0.031502
1 0.612793 0.545788 0.040039 0.030769
1 0.573730 0.546520 0.040039 0.030769
1 0.535645 0.547253 0.040039 0.030769
1 0.468262 0.548352 0.040039 0.031502
1 0.429688 0.549084 0.039062 0.031502
1 0.391602 0.549817 0.039062 0.031502
1 0.353516 0.550549 0.039062 0.031502
1 0.287109 0.551648 0.039062 0.030769
1 0.250000 0.552381 0.039062 0.030769
1 0.211914 0.553114 0.039062 0.030769
1 0.173340 0.553846 0.040039 0.030769
1 0.839844 0.572527 0.042969 0.031502
1 0.799316 0.573260 0.041992 0.031502
1 0.759277 0.573993 0.041992 0.031502
1 0.720215 0.574359 0.040039 0.032234
1 0.651855 0.575458 0.040039 0.031502
1 0.613770 0.576190 0.040039 0.031502
1 0.574707 0.576923 0.040039 0.031502
1 0.536621 0.577656 0.040039 0.031502
1 0.469238 0.578755 0.040039 0.030769
1 0.430664 0.579487 0.039062 0.032234
1 0.392090 0.579853 0.040039 0.031502
1 0.354004 0.580586 0.040039 0.031502
1 0.288086 0.582051 0.039062 0.031502
1 0.250000 0.582784 0.039062 0.031502
1 0.211914 0.583516 0.039062 0.031502
1 0.172852 0.584249 0.041016 0.031502
1 0.841797 0.603663 0.042969 0.032234
1 0.801270 0.604029 0.041992 0.031502
1 0.760742 0.604762 0.041016 0.031502
1 0.721680 0.604762 0.041016 0.031502
1 0.653320 0.606227 0.041016 0.031502
1 0.614746 0.606960 0.040039 0.031502
1 0.575684 0.607692 0.040039 0.031502
1 0.537598 0.608059 0.040039 0.032234
1 0.469238 0.609158 0.040039 0.031502
1 0.431152 0.609890 0.040039 0.031502
1 0.393066 0.610623 0.040039 0.031502
1 0.354492 0.611355 0.039062 0.031502
1 0.288086 0.612088 0.039062 0.031502
1 0.250000 0.612821 0.039062 0.031502
1 0.211426 0.613553 0.040039 0.031502
1 0.172363 0.614286 0.040039 0.031502
1 0.843750 0.634432 0.042969 0.032234
1 0.802734 0.634799 0.042969 0.031502
1 0.762695 0.635165 0.041016 0.032234
1 0.723633 0.635897 0.041016 0.032234
1 0.654297 0.636996 0.041016 0.031502
1 0.615723 0.637363 0.040039 0.032234
1 0.577148 0.638095 0.041016 0.032234
1 0.538574 0.638462 0.040039 0.031502
1 0.470215 0.639927 0.040039 0.031502
1 0.432129 0.640293 0.040039 0.032234
1 0.393555 0.641026 0.039062 0.032234
1 0.354980 0.641758 0.040039 0.032234
1 0.288086 0.642857 0.039062 0.031502
1 0.250000 0.643590 0.039062 0.031502
1 0.211426 0.644322 0.040039 0.031502
1 0.171875 0.645421 0.041016 0.032234
1 0.845703 0.665934 0.042969 0.032234
1 0.804688 0.666300 0.042969 0.031502
1 0.764160 0.666300 0.041992 0.031502
1 0.725098 0.666667 0.041992 0.032234
1 0.656250 0.667399 0.041016 0.032234
1 0.617188 0.668132 0.041016 0.032234
1 0.578125 0.668864 0.041016 0.032234
1 0.539062 0.669597 0.041016 0.032234
1 0.471191 0.670696 0.040039 0.031502
1 0.432617 0.671062 0.039062 0.032234
1 0.394043 0.671795 0.040039 0.032234
1 0.355469 0.672527 0.039062 0.032234
1 0.288086 0.673626 0.039062 0.031502
1 0.250000 0.673993 0.039062 0.032234
1 0.210938 0.675458 0.039062 0.032234
1 0.170898 0.676190 0.041016 0.032234
1 0.847656 0.697802 0.042969 0.032967
1 0.806641 0.697436 0.042969 0.032234
1 0.766113 0.697436 0.041992 0.032234
1 0.726562 0.698168 0.041016 0.032234
1 0.657227 0.698901 0.041016 0.032234
1 0.618164 0.699267 0.041016 0.031502
1 0.579102 0.699634 0.041016 0.032234
1 0.540039 0.700366 0.041016 0.032234
1 0.471680 0.701832 0.041016 0.032234
1 0.395020 0.702564 0.040039 0.032234
1 0.433105 0.702198 0.040039 0.031502
1 0.355957 0.703297 0.040039 0.032234
1 0.249512 0.705128 0.040039 0.032967
1 0.288086 0.704396 0.039062 0.031502
1 0.210449 0.706227 0.040039 0.032234
1 0.170898 0.707326 0.041016 0.032967
1 0.768066 0.729304 0.041992 0.032967
1 0.850098 0.730037 0.043945 0.032967
1 0.808594 0.729670 0.042969 0.032234
1 0.728027 0.729670 0.041992 0.032234
1 0.658691 0.730403 0.041992 0.032234
1 0.619141 0.730403 0.041016 0.032234
1 0.580078 0.731136 0.041016 0.032234
1 0.541016 0.731868 0.041016 0.032234
1 0.472168 0.732601 0.040039 0.032234
1 0.434082 0.733333 0.040039 0.032234
1 0.395020 0.734066 0.040039 0.032234
1 0.355957 0.734799 0.040039 0.032234
1 0.288574 0.735531 0.040039 0.032234
1 0.249512 0.736264 0.040039 0.032234
1 0.209961 0.737363 0.041016 0.032967
1 0.169922 0.738828 0.041016 0.032967
1 0.810547 0.761538 0.042969 0.032967
1 0.770020 0.761172 0.041992 0.032234
1 0.729980 0.761538 0.041992 0.032967
1 0.852051 0.762271 0.043945 0.032967
1 0.660156 0.761905 0.041016 0.032234
1 0.581055 0.762637 0.041016 0.032234
1 0.621094 0.762637 0.041016 0.032234
1 0.541992 0.763736 0.041016 0.032967
1 0.473145 0.764835 0.040039 0.032234
1 0.434570 0.764835 0.039062 0.032234
1 0.395996 0.765568 0.040039 0.032234
1 0.356934 0.766300 0.040039 0.032234
1 0.288574 0.767033 0.040039 0.032234
1 0.249512 0.768132 0.040039 0.032967
1 0.209961 0.769597 0.041016 0.032967
1 0.169434 0.770696 0.041992 0.033700
1 0.812988 0.793773 0.043945 0.032967
1 0.771973 0.793407 0.041992 0.032234
1 0.731934 0.793773 0.041992 0.032967
1 0.854492 0.794505 0.042969 0.032967
1 0.661621 0.794139 0.041992 0.032234
1 0.622070 0.794505 0.041016 0.032967
1 0.582520 0.794872 0.040039 0.032234
1 0.542969 0.795604 0.041016 0.033700
1 0.474121 0.796337 0.040039 0.032234
1 0.435059 0.796703 0.040039 0.032967
1 0.395996 0.797070 0.040039 0.032234
1 0.356934 0.797802 0.040039 0.032234
1 0.288574 0.798901 0.040039 0.032967
1 0.249512 0.799634 0.040039 0.032967
1 0.209473 0.801099 0.040039 0.032967
1 0.168945 0.803297 0.041016 0.034432
1 0.814941 0.826007 0.043945 0.032967
1 0.773926 0.825641 0.041992 0.032234
1 0.733887 0.826007 0.041992 0.032967
1 0.856445 0.827106 0.044922 0.033700
1 0.663574 0.826740 0.041992 0.032967
1 0.623535 0.826740 0.041992 0.032967
1 0.583984 0.826740 0.041016 0.032967
1 0.543945 0.827839 0.041016 0.033700
1 0.474609 0.828938 0.041016 0.032967
1 0.436035 0.828938 0.040039 0.032967
1 0.396973 0.828938 0.040039 0.032967
1 0.357422 0.829670 0.041016 0.032967
1 0.288574 0.831136 0.040039 0.032967
1 0.249023 0.831868 0.041016 0.032967
1 0.208984 0.832967 0.041016 0.033700
1 0.168457 0.835531 0.041992 0.034432
1 0.816895 0.858608 0.043945 0.033700
1 0.775879 0.858242 0.041992 0.032967
1 0.735352 0.858974 0.041016 0.032967
1 0.625000 0.859341 0.041016 0.033700
1 0.858887 0.860073 0.043945 0.033700
1 0.665527 0.859707 0.041992 0.032967
1 0.584961 0.859707 0.041016 0.032967
1 0.544922 0.860073 0.041016 0.033700
1 0.475586 0.861172 0.041016 0.032967
1 0.397461 0.861172 0.041016 0.032967
1 0.436035 0.861172 0.040039 0.032967
1 0.357910 0.861905 0.040039 0.032967
1 0.288574 0.863370 0.040039 0.032967
1 0.249023 0.864103 0.041016 0.032967
1 0.208984 0.865934 0.041016 0.033700
1 0.167480 0.868132 0.041992 0.035165
1 0.449219 0.338462 0.029297 0.021978
0 0.475098 0.338095 0.028320 0.021245
0 0.500977 0.337363 0.029297 0.021245
0 0.527344 0.336630 0.029297 0.021245
2 0.449707 0.357875 0.028320 0.021245
0 0.475586 0.357143 0.029297 0.021245
0 0.501953 0.356777 0.029297 0.021978
0 0.527344 0.356044 0.029297 0.021978
3 0.450195 0.377656 0.029297 0.021245
0 0.475586 0.376923 0.029297 0.021245
0 0.501953 0.376190 0.029297 0.021245
0 0.528320 0.375824 0.029297 0.021978
