1 0.865723 0.185714 0.038086 0.030037
1 0.826172 0.186447 0.037109 0.030037
1 0.788086 0.187179 0.037109 0.030037
1 0.750000 0.187179 0.037109 0.030037
1 0.710938 0.187912 0.037109 0.030037
1 0.634766 0.189011 0.037109 0.030769
1 0.672852 0.188645 0.037109 0.030037
1 0.596680 0.189377 0.037109 0.030037
1 0.558594 0.189377 0.037109 0.030037
1 0.520996 0.189377 0.036133 0.030037
1 0.864746 0.218315 0.038086 0.030769
1 0.825684 0.218681 0.038086 0.030037
1 0.787109 0.219414 0.037109 0.030037
1 0.749023 0.220147 0.037109 0.030037
1 0.710938 0.220147 0.037109 0.030037
1 0.672852 0.220879 0.037109 0.030037
1 0.634766 0.221245 0.037109 0.029304
1 0.520996 0.221612 0.036133 0.030037
1 0.559082 0.221612 0.036133 0.030037
1 0.596680 0.221612 0.037109 0.030037
1 0.863770 0.250916 0.038086 0.030037
1 0.825195 0.251282 0.037109 0.029304
1 0.787109 0.251648 0.037109 0.030037
1 0.749023 0.252015 0.037109 0.029304
1 0.672852 0.252747 0.037109 0.029304
1 0.710938 0.252747 0.037109 0.029304
1 0.634766 0.253480 0.037109 0.029304
1 0.596680 0.253480 0.037109 0.029304
1 0.520996 0.253480 0.036133 0.029304
1 0.559082 0.253480 0.036133 0.029304
1 0.863281 0.301465 0.037109 0.030037
1 0.825195 0.301832 0.037109 0.029304
1 0.748535 0.302564 0.036133 0.029304
1 0.786621 0.302564 0.036133 0.029304
1 0.672852 0.303297 0.037109 0.029304
1 0.634766 0.303297 0.037109 0.029304
1 0.710449 0.303297 0.036133 0.029304
1 0.521484 0.304029 0.037109 0.029304
1 0.559082 0.304029 0.036133 0.029304
1 0.597168 0.303663 0.036133 0.028571
1 0.863281 0.453480 0.037109 0.029304
1 0.742676 0.454212 0.036133 0.029304
1 0.822266 0.453846 0.037109 0.028571
1 0.782715 0.453846 0.036133 0.028571
1 0.632812 0.454945 0.037109 0.029304
1 0.592773 0.454945 0.037109 0.029304
1 0.672852 0.454579 0.037109 0.028571
1 0.482422 0.455678 0.037109 0.029304
1 0.552734 0.455311 0.037109 0.028571
1 0.291016 0.456410 0.037109 0.029304
1 0.402344 0.456044 0.037109 0.028571
1 0.362305 0.456410 0.037109 0.029304
1 0.442383 0.456044 0.037109 0.028571
1 0.167969 0.457143 0.039062 0.029304
1 0.209473 0.457143 0.038086 0.029304
1 0.250000 0.456777 0.037109 0.028571
1 0.863281 0.484982 0.037109 0.029304
1 0.742676 0.485714 0.036133 0.029304
1 0.822754 0.485348 0.036133 0.028571
1 0.782715 0.485348 0.036133 0.028571
1 0.632812 0.486447 0.037109 0.029304
1 0.672852 0.486081 0.037109 0.028571
1 0.592773 0.486813 0.037109 0.028571
1 0.482910 0.487179 0.036133 0.029304
1 0.553223 0.486813 0.036133 0.028571
1 0.362305 0.487912 0.037109 0.029304
1 0.402344 0.487912 0.037109 0.029304
1 0.442383 0.487546 0.037109 0.028571
1 0.167969 0.488645 0.039062 0.029304
1 0.209473 0.488645 0.038086 0.029304
1 0.250488 0.488645 0.038086 0.029304
1 0.291016 0.488645 0.037109 0.029304
1 0.863281 0.516484 0.037109 0.029304
1 0.823242 0.516850 0.037109 0.028571
1 0.743164 0.517216 0.037109 0.029304
1 0.782715 0.516850 0.036133 0.028571
1 0.633301 0.517949 0.036133 0.029304
1 0.672852 0.517582 0.037109 0.028571
1 0.593262 0.518315 0.036133 0.028571
1 0.553223 0.518315 0.036133 0.028571
1 0.402344 0.519414 0.037109 0.029304
1 0.483398 0.519048 0.037109 0.028571
1 0.442871 0.519414 0.036133 0.029304
1 0.291016 0.520147 0.037109 0.029304
1 0.362305 0.519780 0.037109 0.028571
1 0.167969 0.520879 0.039062 0.029304
1 0.209473 0.520879 0.038086 0.029304
1 0.250488 0.520513 0.038086 0.028571
1 0.864258 0.547985 0.037109 0.029304
1 0.823242 0.547985 0.037109 0.029304
1 0.783203 0.548352 0.037109 0.028571
1 0.743652 0.548718 0.036133 0.029304
1 0.633789 0.549451 0.037109 0.029304
1 0.593750 0.549451 0.037109 0.029304
1 0.673340 0.549084 0.036133 0.028571
1 0.553711 0.550183 0.037109 0.029304
1 0.483398 0.550183 0.037109 0.029304
1 0.443359 0.550916 0.037109 0.029304
1 0.403320 0.550916 0.037109 0.029304
1 0.362305 0.551648 0.037109 0.029304
1 0.291504 0.552015 0.038086 0.030037
1 0.209473 0.552747 0.038086 0.030037
1 0.250977 0.552381 0.037109 0.029304
1 0.167969 0.553480 0.039062 0.030037
1 0.864258 0.579487 0.037109 0.029304
1 0.823730 0.579487 0.038086 0.029304
1 0.743652 0.580220 0.036133 0.029304
1 0.783691 0.579853 0.036133 0.028571
1 0.633789 0.580952 0.037109 0.029304
1 0.673828 0.580586 0.037109 0.028571
1 0.553711 0.581685 0.037109 0.029304
1 0.593750 0.581319 0.037109 0.028571
1 0.443359 0.582418 0.037109 0.029304
1 0.483398 0.582051 0.037109 0.028571
1 0.362793 0.583150 0.038086 0.029304
1 0.403320 0.583150 0.037109 0.029304
1 0.291504 0.583883 0.038086 0.029304
1 0.250977 0.584249 0.037109 0.030037
1 0.209473 0.584982 0.038086 0.030037
1 0.167480 0.585714 0.038086 0.030037
1 0.865234 0.610989 0.037109 0.029304
1 0.824219 0.610989 0.037109 0.029304
1 0.744141 0.611722 0.037109 0.029304
1 0.784180 0.611355 0.037109 0.028571
1 0.633789 0.612454 0.037109 0.029304
1 0.673828 0.612454 0.037109 0.029304
1 0.554199 0.613187 0.036133 0.029304
1 0.594238 0.613187 0.036133 0.029304
1 0.483887 0.613919 0.036133 0.029304
1 0.443359 0.613919 0.037109 0.029304
1 0.403320 0.614652 0.037109 0.029304
1 0.363281 0.615018 0.037109 0.030037
1 0.291992 0.615751 0.037109 0.030037
1 0.250488 0.616484 0.038086 0.030037
1 0.209473 0.617216 0.038086 0.030037
1 0.167480 0.617949 0.038086 0.030037
1 0.865723 0.642491 0.038086 0.029304
1 0.744629 0.643223 0.036133 0.029304
1 0.825195 0.642857 0.037109 0.028571
1 0.784180 0.643223 0.037109 0.029304
1 0.634766 0.643956 0.037109 0.029304
1 0.674805 0.643956 0.037109 0.029304
1 0.554688 0.644689 0.037109 0.029304
1 0.594727 0.644689 0.037109 0.029304
1 0.484375 0.645421 0.037109 0.029304
1 0.443848 0.645788 0.036133 0.030037
1 0.403320 0.646154 0.037109 0.029304
1 0.363281 0.646886 0.037109 0.029304
1 0.291504 0.647985 0.038086 0.030037
1 0.250488 0.648718 0.038086 0.030037
1 0.209473 0.649451 0.038086 0.030037
1 0.166992 0.650183 0.039062 0.030037
1 0.785156 0.674725 0.037109 0.029304
1 0.825684 0.674725 0.038086 0.029304
1 0.866211 0.674359 0.037109 0.028571
1 0.745117 0.674725 0.037109 0.029304
1 0.674805 0.675458 0.037109 0.029304
1 0.634766 0.675458 0.037109 0.029304
1 0.594727 0.676190 0.037109 0.029304
1 0.554688 0.676190 0.037109 0.029304
1 0.484375 0.676923 0.037109 0.029304
1 0.444336 0.677656 0.037109 0.029304
1 0.363281 0.678755 0.037109 0.030037
1 0.403320 0.678388 0.037109 0.029304
1 0.291504 0.680220 0.038086 0.030037
1 0.250488 0.680952 0.038086 0.030037
1 0.208984 0.681685 0.037109 0.030037
1 0.166992 0.682784 0.039062 0.030769
1 0.826660 0.706227 0.038086 0.029304
1 0.866699 0.706227 0.038086 0.029304
1 0.786133 0.706593 0.037109 0.030037
1 0.746094 0.706960 0.037109 0.029304
1 0.675781 0.707326 0.037109 0.030037
1 0.635742 0.707692 0.037109 0.029304
1 0.595215 0.708059 0.036133 0.030037
1 0.555176 0.708425 0.036133 0.029304
1 0.444336 0.709524 0.037109 0.030037
1 0.484375 0.709158 0.037109 0.029304
1 0.403809 0.710256 0.036133 0.030037
1 0.363281 0.710989 0.037109 0.030037
1 0.291504 0.712454 0.038086 0.030037
1 0.250488 0.713187 0.038086 0.030037
1 0.208496 0.714286 0.038086 0.030769
1 0.166504 0.715751 0.040039 0.030769
1 0.787109 0.738828 0.037109 0.030037
1 0.747070 0.738828 0.037109 0.030037
1 0.827637 0.738828 0.038086 0.030037
1 0.867676 0.738462 0.038086 0.029304
1 0.676270 0.739560 0.038086 0.030037
1 0.635742 0.739560 0.037109 0.030037
1 0.595703 0.740293 0.037109 0.030037
1 0.555664 0.740659 0.037109 0.030769
1 0.484375 0.741392 0.037109 0.030769
1 0.444336 0.742125 0.037109 0.030769
1 0.404297 0.742491 0.037109 0.030037
1 0.363281 0.743223 0.037109 0.030037
1 0.291504 0.744689 0.038086 0.030037
1 0.250488 0.745788 0.038086 0.030769
1 0.208496 0.746886 0.038086 0.031502
1 0.166016 0.748352 0.039062 0.031502
1 0.869629 0.770696 0.038086 0.030769
1 0.828613 0.771062 0.038086 0.030037
1 0.788574 0.771429 0.038086 0.030769
1 0.748535 0.771795 0.038086 0.030037
1 0.677246 0.772161 0.038086 0.030769
1 0.596680 0.772894 0.037109 0.030769
1 0.637207 0.772527 0.038086 0.030037
1 0.556641 0.773626 0.037109 0.030769
1 0.485352 0.774359 0.037109 0.030769
1 0.444336 0.775092 0.037109 0.030769
1 0.404297 0.775458 0.037109 0.030037
1 0.363281 0.776190 0.037109 0.030037
1 0.291504 0.777289 0.038086 0.030769
1 0.249512 0.778388 0.038086 0.031502
1 0.208496 0.779853 0.038086 0.031502
1 0.166016 0.781319 0.039062 0.031502
1 0.871582 0.803663 0.038086 0.030769
1 0.831055 0.804396 0.039062 0.030769
1 0.790527 0.804396 0.038086 0.030769
1 0.749512 0.805128 0.038086 0.030769
1 0.638184 0.805861 0.038086 0.030769
1 0.678711 0.805861 0.039062 0.030769
1 0.597656 0.806593 0.037109 0.030769
1 0.557129 0.806960 0.038086 0.031502
1 0.485840 0.808059 0.038086 0.030769
1 0.444824 0.808059 0.038086 0.030769
1 0.403809 0.808791 0.038086 0.030769
1 0.362793 0.809524 0.038086 0.030769
1 0.290527 0.810623 0.038086 0.030037
1 0.249512 0.811722 0.038086 0.030769
1 0.208008 0.812821 0.039062 0.031502
1 0.165527 0.814652 0.040039 0.032234
1 0.833008 0.837729 0.039062 0.031502
1 0.874023 0.837363 0.039062 0.030769
1 0.792480 0.838095 0.038086 0.030769
1 0.751953 0.838462 0.039062 0.031502
1 0.680176 0.839560 0.038086 0.030769
1 0.639160 0.839560 0.038086 0.030769
1 0.557617 0.841026 0.037109 0.032234
1 0.598633 0.840293 0.037109 0.030769
1 0.485840 0.842125 0.038086 0.031502
1 0.444824 0.842125 0.038086 0.031502
1 0.403809 0.842857 0.038086 0.031502
1 0.362793 0.843590 0.038086 0.031502
1 0.290527 0.843956 0.038086 0.030769
1 0.249512 0.844689 0.038086 0.030769
1 0.207520 0.845788 0.038086 0.031502
1 0.165039 0.847619 0.039062 0.032234
1 0.835938 0.871429 0.039062 0.031502
1 0.876953 0.871062 0.039062 0.030769
1 0.794922 0.872161 0.039062 0.031502
1 0.753906 0.872894 0.039062 0.031502
1 0.681641 0.873626 0.039062 0.031502
1 0.640625 0.873626 0.039062 0.031502
1 0.599121 0.874359 0.038086 0.031502
1 0.558105 0.875092 0.038086 0.031502
1 0.444824 0.876557 0.038086 0.031502
1 0.403809 0.876557 0.038086 0.031502
1 0.486328 0.876557 0.037109 0.031502
1 0.362305 0.877289 0.037109 0.031502
1 0.249023 0.878388 0.037109 0.030769
1 0.289551 0.878388 0.038086 0.030769
1 0.207520 0.879121 0.038086 0.030769
1 0.165039 0.880952 0.039062 0.031502
1 0.879395 0.905495 0.040039 0.032234
1 0.837891 0.906227 0.039062 0.032234
1 0.796875 0.906593 0.039062 0.031502
1 0.755859 0.907326 0.039062 0.031502
1 0.683594 0.908059 0.039062 0.031502
1 0.642090 0.908791 0.038086 0.031502
1 0.600586 0.908791 0.039062 0.031502
1 0.559082 0.909890 0.038086 0.032234
1 0.486816 0.911355 0.038086 0.032234
1 0.444824 0.911355 0.038086 0.032234
1 0.361816 0.911722 0.038086 0.031502
1 0.403809 0.911722 0.038086 0.031502
1 0.289551 0.912454 0.038086 0.031502
1 0.248535 0.912454 0.038086 0.031502
1 0.207520 0.912821 0.038086 0.030769
1 0.165039 0.913919 0.039062 0.031502
1 0.467285 0.358608 0.026367 0.019780
0 0.494629 0.358608 0.026367 0.019780
0 0.522461 0.358608 0.025391 0.019780
0 0.549316 0.358608 0.026367 0.019780
2 0.467285 0.379487 0.026367 0.019048
0 0.494629 0.379487 0.026367 0.019048
0 0.522949 0.379487 0.026367 0.019048
0 0.550293 0.379121 0.026367 0.019780
3 0.467285 0.400733 0.026367 0.019048
0 0.494629 0.400733 0.026367 0.019048
0 0.522949 0.400366 0.026367 0.019780
0 0.550293 0.400366 0.026367 0.019780
