1 0.826660 0.180220 0.041992 0.033700
1 0.787598 0.182051 0.041992 0.032967
1 0.749023 0.183516 0.041016 0.032967
1 0.710449 0.184982 0.041992 0.032967
1 0.672852 0.186447 0.041016 0.032967
1 0.634766 0.187546 0.041016 0.033700
1 0.596680 0.188645 0.041016 0.032967
1 0.559082 0.190110 0.040039 0.032967
1 0.521973 0.191209 0.040039 0.032234
1 0.484375 0.191941 0.041016 0.032234
1 0.826660 0.212454 0.041992 0.033700
1 0.788086 0.213919 0.041016 0.033700
1 0.749023 0.215018 0.041016 0.032967
1 0.710938 0.216484 0.041016 0.032967
1 0.672852 0.217949 0.041016 0.032967
1 0.634766 0.219414 0.041016 0.032967
1 0.597168 0.220513 0.040039 0.032234
1 0.559570 0.221245 0.041016 0.032234
1 0.522461 0.222711 0.041016 0.032234
1 0.485352 0.223443 0.041016 0.032234
1 0.827637 0.243956 0.041992 0.033700
1 0.788574 0.245788 0.041992 0.032967
1 0.750000 0.247253 0.041016 0.032967
1 0.711914 0.247985 0.041016 0.032967
1 0.673828 0.249451 0.041016 0.032967
1 0.635742 0.250549 0.041016 0.032234
1 0.597656 0.251648 0.041016 0.031502
1 0.560059 0.252747 0.040039 0.032234
1 0.522949 0.253480 0.040039 0.032234
1 0.485840 0.254579 0.040039 0.031502
1 0.828613 0.294872 0.041992 0.032967
1 0.789551 0.295604 0.041992 0.032967
1 0.750977 0.296703 0.041016 0.032234
1 0.712891 0.298168 0.041016 0.032234
1 0.674805 0.298901 0.041016 0.032234
1 0.636719 0.299634 0.041016 0.032234
1 0.599609 0.300733 0.041016 0.031502
1 0.561523 0.301832 0.041016 0.032234
1 0.523926 0.302564 0.040039 0.032234
1 0.486816 0.303663 0.040039 0.031502
1 0.833496 0.446520 0.041992 0.032967
1 0.792480 0.447253 0.041992 0.031502
1 0.751465 0.447985 0.041992 0.032967
1 0.710938 0.448352 0.041016 0.032234
1 0.639648 0.449817 0.041016 0.032234
1 0.599609 0.450549 0.041016 0.032234
1 0.559570 0.451282 0.041016 0.032234
1 0.520020 0.452015 0.040039 0.032234
1 0.450195 0.453114 0.041016 0.031502
1 0.411133 0.454212 0.041016 0.032234
1 0.371094 0.454579 0.041016 0.031502
1 0.331543 0.455311 0.040039 0.031502
1 0.262207 0.456044 0.040039 0.031502
1 0.182617 0.457143 0.041016 0.032234
1 0.223145 0.456777 0.040039 0.031502
1 0.142090 0.457509 0.041992 0.031502
1 0.834961 0.478022 0.042969 0.032967
1 0.793457 0.479121 0.041992 0.032234
1 0.752441 0.479853 0.041992 0.032234
1 0.711914 0.480586 0.041016 0.032234
1 0.641113 0.481319 0.041992 0.032234
1 0.600586 0.482051 0.041016 0.032234
1 0.560547 0.482784 0.041016 0.032234
1 0.520508 0.483516 0.041016 0.032234
1 0.451172 0.484249 0.041016 0.032234
1 0.411133 0.484982 0.041016 0.032234
1 0.371582 0.485714 0.040039 0.032234
1 0.332031 0.486447 0.041016 0.032234
1 0.262695 0.487179 0.041016 0.032234
1 0.223145 0.487912 0.040039 0.032234
1 0.182617 0.488278 0.041016 0.031502
1 0.142090 0.489011 0.041992 0.031502
1 0.836426 0.510256 0.043945 0.032967
1 0.794922 0.510623 0.042969 0.032234
1 0.753418 0.511355 0.041992 0.032234
1 0.713379 0.512088 0.041992 0.032234
1 0.642090 0.512821 0.041992 0.032234
1 0.601562 0.513553 0.041016 0.032234
1 0.561523 0.514286 0.041016 0.032234
1 0.521484 0.515018 0.041016 0.032234
1 0.451660 0.515751 0.040039 0.032234
1 0.412109 0.516484 0.041016 0.032234
1 0.372070 0.517216 0.041016 0.032234
1 0.332520 0.517582 0.040039 0.031502
1 0.263184 0.518681 0.040039 0.032234
1 0.223145 0.519414 0.040039 0.032234
1 0.142090 0.520147 0.041992 0.032234
1 0.182617 0.519780 0.041016 0.031502
1 0.838379 0.542125 0.043945 0.032234
1 0.795898 0.542491 0.042969 0.032967
1 0.755371 0.543223 0.041992 0.032967
1 0.714355 0.543590 0.041992 0.032234
1 0.643066 0.544689 0.041992 0.032967
1 0.602539 0.545055 0.041016 0.032234
1 0.562500 0.545788 0.041016 0.032234
1 0.522461 0.546520 0.041016 0.032234
1 0.452148 0.547253 0.041016 0.032234
1 0.412598 0.547985 0.040039 0.032234
1 0.372559 0.548718 0.040039 0.032234
1 0.333008 0.549084 0.041016 0.031502
1 0.263184 0.550183 0.040039 0.032234
1 0.182617 0.551282 0.041016 0.032967
1 0.223633 0.550916 0.041016 0.032234
1 0.142090 0.552015 0.041992 0.032967
1 0.839844 0.574359 0.042969 0.032234
1 0.797852 0.574725 0.042969 0.032967
1 0.756348 0.575092 0.041992 0.032234
1 0.715332 0.575824 0.041992 0.032234
1 0.644043 0.576557 0.041992 0.032234
1 0.603516 0.577289 0.041016 0.032234
1 0.563477 0.577289 0.041016 0.032234
1 0.523438 0.578022 0.041016 0.032234
1 0.453125 0.578755 0.041016 0.032234
1 0.413086 0.579487 0.041016 0.032234
1 0.373047 0.580220 0.041016 0.032234
1 0.333008 0.580220 0.041016 0.032234
1 0.263184 0.581685 0.040039 0.032234
1 0.182617 0.582784 0.041016 0.032967
1 0.223633 0.582418 0.041016 0.032234
1 0.142090 0.583516 0.041992 0.032967
1 0.841309 0.606960 0.043945 0.032967
1 0.798828 0.606960 0.042969 0.032967
1 0.757324 0.607326 0.041992 0.032234
1 0.716309 0.607692 0.041992 0.032967
1 0.645020 0.608425 0.041992 0.032967
1 0.604004 0.608791 0.041992 0.032234
1 0.563477 0.609524 0.041016 0.032234
1 0.523438 0.609890 0.041016 0.032967
1 0.453613 0.610623 0.040039 0.032967
1 0.414062 0.610989 0.041016 0.032234
1 0.373535 0.611722 0.040039 0.032234
1 0.333496 0.612088 0.040039 0.032967
1 0.263672 0.613187 0.041016 0.032234
1 0.223633 0.613919 0.041016 0.032234
1 0.182617 0.614652 0.041016 0.032234
1 0.141602 0.615751 0.042969 0.032967
1 0.843750 0.639560 0.044922 0.033700
1 0.800781 0.639194 0.042969 0.032967
1 0.717773 0.639927 0.042969 0.032967
1 0.759277 0.639927 0.041992 0.032967
1 0.645996 0.640659 0.041992 0.032967
1 0.605469 0.641026 0.041016 0.032234
1 0.564453 0.641392 0.041016 0.032967
1 0.524414 0.641758 0.041016 0.032234
1 0.454102 0.642491 0.041016 0.032234
1 0.414062 0.642857 0.041016 0.032967
1 0.374023 0.643223 0.041016 0.032234
1 0.333984 0.643956 0.041016 0.032234
1 0.263672 0.645055 0.041016 0.032967
1 0.223633 0.645788 0.041016 0.032967
1 0.182617 0.646520 0.041016 0.032967
1 0.141113 0.647619 0.041992 0.033700
1 0.845703 0.672527 0.044922 0.033700
1 0.802734 0.672161 0.042969 0.032967
1 0.760742 0.672161 0.042969 0.032967
1 0.719238 0.672161 0.041992 0.032967
1 0.646973 0.672894 0.041992 0.032967
1 0.605957 0.672894 0.041992 0.032967
1 0.565430 0.673260 0.041016 0.032234
1 0.525391 0.673626 0.041016 0.032967
1 0.455078 0.674359 0.041016 0.032967
1 0.415039 0.675092 0.041016 0.032967
1 0.375000 0.675458 0.041016 0.032234
1 0.333984 0.675824 0.041016 0.032967
1 0.263672 0.676923 0.041016 0.032234
1 0.223633 0.678022 0.041016 0.032967
1 0.182617 0.678755 0.041016 0.032967
1 0.141113 0.679853 0.041992 0.033700
1 0.847656 0.705861 0.044922 0.034432
1 0.804199 0.705495 0.043945 0.033700
1 0.762695 0.705128 0.042969 0.032967
1 0.720703 0.705128 0.042969 0.032967
1 0.647949 0.705128 0.041992 0.032967
1 0.606934 0.705495 0.041992 0.032234
1 0.525879 0.705861 0.041992 0.032967
1 0.566406 0.705861 0.041016 0.032967
1 0.415039 0.706593 0.041016 0.032967
1 0.455078 0.706593 0.041016 0.032967
1 0.375000 0.707326 0.041016 0.032967
1 0.334961 0.708059 0.041016 0.032967
1 0.223145 0.709890 0.041992 0.033700
1 0.263672 0.709158 0.041016 0.032234
1 0.182617 0.710989 0.041016 0.032967
1 0.140625 0.712088 0.042969 0.033700
1 0.806152 0.738462 0.043945 0.033700
1 0.764160 0.738462 0.043945 0.033700
1 0.722168 0.738462 0.043945 0.033700
1 0.607910 0.738095 0.041992 0.032967
1 0.648926 0.738095 0.041992 0.032967
1 0.567383 0.738462 0.041016 0.033700
1 0.526855 0.738462 0.041992 0.033700
1 0.849609 0.739560 0.044922 0.034432
1 0.456055 0.738828 0.041016 0.032967
1 0.416016 0.739194 0.041016 0.033700
1 0.375000 0.739927 0.041016 0.033700
1 0.334961 0.740293 0.041016 0.032967
1 0.263672 0.741392 0.041016 0.033700
1 0.223633 0.742125 0.041016 0.033700
1 0.182129 0.743590 0.041992 0.033700
1 0.140625 0.744689 0.042969 0.034432
1 0.723633 0.771429 0.042969 0.033700
1 0.765625 0.771795 0.042969 0.034432
1 0.650391 0.771429 0.042969 0.033700
1 0.609375 0.771429 0.042969 0.033700
1 0.527344 0.771429 0.041016 0.033700
1 0.568359 0.771429 0.041016 0.033700
1 0.808594 0.772527 0.044922 0.034432
1 0.456055 0.772161 0.041016 0.033700
1 0.416016 0.772161 0.041016 0.033700
1 0.851562 0.773260 0.044922 0.034432
1 0.375000 0.772894 0.041016 0.033700
1 0.334961 0.773260 0.041016 0.032967
1 0.263672 0.773993 0.041016 0.032967
1 0.223145 0.775092 0.041992 0.033700
1 0.182129 0.775824 0.041992 0.033700
1 0.140625 0.777656 0.042969 0.034432
1 0.725098 0.805495 0.043945 0.034432
1 0.652344 0.805128 0.042969 0.033700
1 0.610352 0.805128 0.042969 0.033700
1 0.568848 0.805128 0.041992 0.033700
1 0.528320 0.805495 0.041016 0.034432
1 0.810059 0.806227 0.043945 0.034432
1 0.767090 0.805861 0.043945 0.033700
1 0.456543 0.806227 0.041992 0.034432
1 0.416016 0.806227 0.041016 0.034432
1 0.853516 0.807326 0.044922 0.035165
1 0.375000 0.806593 0.041016 0.033700
1 0.334473 0.806960 0.041992 0.034432
1 0.263672 0.807326 0.041016 0.033700
1 0.222656 0.808059 0.041016 0.033700
1 0.182129 0.808791 0.041992 0.033700
1 0.140137 0.810623 0.041992 0.034432
1 0.611816 0.839560 0.041992 0.035165
1 0.569824 0.839194 0.041992 0.034432
1 0.769043 0.839927 0.043945 0.034432
1 0.727051 0.839927 0.043945 0.034432
1 0.653320 0.839927 0.042969 0.034432
1 0.528809 0.839927 0.041992 0.034432
1 0.812012 0.840659 0.043945 0.034432
1 0.456543 0.840659 0.041992 0.034432
1 0.415527 0.840659 0.041992 0.034432
1 0.375000 0.840659 0.041016 0.034432
1 0.333984 0.841026 0.041016 0.035165
1 0.855469 0.841758 0.044922 0.035165
1 0.222656 0.841026 0.041016 0.033700
1 0.262695 0.841026 0.041016 0.033700
1 0.181641 0.842125 0.042969 0.034432
1 0.139648 0.843590 0.042969 0.034432
1 0.613281 0.873993 0.042969 0.035165
1 0.655273 0.874725 0.042969 0.035165
1 0.770996 0.874359 0.043945 0.034432
1 0.729004 0.874725 0.043945 0.035165
1 0.529785 0.874725 0.041992 0.035165
1 0.570801 0.874359 0.041992 0.034432
1 0.815430 0.875092 0.046875 0.034432
1 0.456543 0.875458 0.041992 0.035165
1 0.374512 0.875092 0.041992 0.034432
1 0.415527 0.875458 0.041992 0.035165
1 0.333496 0.875092 0.041992 0.034432
1 0.262207 0.875092 0.040039 0.034432
1 0.222168 0.874725 0.040039 0.033700
1 0.857422 0.875824 0.044922 0.034432
1 0.181152 0.875458 0.041992 0.033700
1 0.139648 0.876557 0.042969 0.034432
1 0.614258 0.909524 0.042969 0.035897
1 0.572266 0.909158 0.042969 0.035165
1 0.181152 0.908791 0.041992 0.034432
1 0.221680 0.908791 0.041016 0.034432
1 0.656738 0.910256 0.043945 0.035897
1 0.730957 0.909890 0.043945 0.035165
1 0.815918 0.909524 0.043945 0.034432
1 0.772949 0.909524 0.043945 0.034432
1 0.374512 0.909890 0.041992 0.035165
1 0.530273 0.910256 0.042969 0.035897
1 0.138672 0.909524 0.044922 0.034432
1 0.261719 0.909890 0.041016 0.035165
1 0.859375 0.910623 0.044922 0.035165
1 0.415527 0.910623 0.041992 0.035165
1 0.457031 0.910989 0.042969 0.035897
1 0.332520 0.910256 0.041992 0.034432
1 0.434082 0.357875 0.030273 0.022711
0 0.460938 0.357143 0.029297 0.022711
0 0.488770 0.356777 0.030273 0.021978
0 0.515137 0.356410 0.030273 0.022711
2 0.434570 0.378388 0.029297 0.022711
0 0.461426 0.377656 0.030273 0.022711
0 0.488770 0.377289 0.030273 0.021978
0 0.516113 0.376923 0.030273 0.022711
3 0.435059 0.399267 0.030273 0.021978
0 0.461914 0.398535 0.029297 0.021978
0 0.489746 0.398168 0.030273 0.022711
0 0.516113 0.397436 0.030273 0.022711
