1 0.837402 0.167033 0.038086 0.030769
1 0.798828 0.168498 0.037109 0.030769
1 0.760742 0.169963 0.037109 0.030769
1 0.722656 0.171062 0.037109 0.030037
1 0.684570 0.172161 0.037109 0.030769
1 0.646484 0.173260 0.037109 0.030037
1 0.608398 0.174725 0.037109 0.030037
1 0.571289 0.175458 0.037109 0.030037
1 0.534180 0.176557 0.037109 0.029304
1 0.496094 0.176557 0.037109 0.029304
1 0.837402 0.199267 0.038086 0.030769
1 0.798828 0.200366 0.037109 0.030037
1 0.760742 0.201832 0.037109 0.030037
1 0.722656 0.202564 0.037109 0.030037
1 0.685059 0.204029 0.036133 0.030037
1 0.647461 0.205495 0.037109 0.030037
1 0.609375 0.206227 0.037109 0.030037
1 0.571777 0.207326 0.036133 0.029304
1 0.534668 0.208059 0.036133 0.029304
1 0.498047 0.208059 0.039062 0.029304
1 0.837891 0.231136 0.037109 0.030037
1 0.799805 0.232601 0.037109 0.030037
1 0.761719 0.233333 0.037109 0.030037
1 0.723633 0.234799 0.037109 0.030037
1 0.685547 0.235897 0.037109 0.029304
1 0.648438 0.236630 0.037109 0.029304
1 0.610352 0.238095 0.037109 0.029304
1 0.572754 0.238828 0.036133 0.029304
1 0.535645 0.239194 0.036133 0.028571
1 0.498047 0.239560 0.037109 0.029304
1 0.838867 0.281319 0.037109 0.029304
1 0.800781 0.282418 0.037109 0.030037
1 0.762695 0.283516 0.037109 0.029304
1 0.724609 0.284615 0.037109 0.030037
1 0.687012 0.285348 0.036133 0.030037
1 0.649414 0.286447 0.037109 0.029304
1 0.612305 0.287179 0.037109 0.029304
1 0.574219 0.287912 0.037109 0.029304
1 0.537109 0.288645 0.037109 0.029304
1 0.499512 0.289377 0.036133 0.029304
1 0.843750 0.432234 0.039062 0.029304
1 0.803711 0.432967 0.037109 0.029304
1 0.763672 0.433700 0.037109 0.029304
1 0.723633 0.434432 0.037109 0.029304
1 0.653320 0.435897 0.037109 0.029304
1 0.613281 0.436630 0.037109 0.029304
1 0.574219 0.437363 0.037109 0.029304
1 0.534180 0.438462 0.037109 0.028571
1 0.464844 0.439560 0.037109 0.029304
1 0.424805 0.440293 0.037109 0.029304
1 0.385254 0.441026 0.036133 0.029304
1 0.345703 0.441758 0.037109 0.029304
1 0.275879 0.443223 0.036133 0.029304
1 0.235840 0.443590 0.038086 0.028571
1 0.154785 0.444689 0.038086 0.029304
1 0.195801 0.444322 0.038086 0.028571
1 0.845215 0.463370 0.038086 0.030037
1 0.804199 0.464469 0.038086 0.029304
1 0.764648 0.465201 0.037109 0.029304
1 0.724609 0.465934 0.037109 0.029304
1 0.654785 0.467399 0.038086 0.029304
1 0.615234 0.468132 0.037109 0.029304
1 0.575195 0.468864 0.037109 0.029304
1 0.535156 0.469597 0.037109 0.029304
1 0.465820 0.471062 0.037109 0.029304
1 0.425781 0.471795 0.037109 0.029304
1 0.386230 0.472527 0.036133 0.029304
1 0.346680 0.473260 0.037109 0.029304
1 0.276367 0.473993 0.037109 0.029304
1 0.196289 0.475458 0.037109 0.029304
1 0.236816 0.475092 0.038086 0.028571
1 0.155273 0.476190 0.039062 0.029304
1 0.846680 0.494505 0.039062 0.029304
1 0.806152 0.495604 0.038086 0.028571
1 0.765625 0.496703 0.037109 0.029304
1 0.725586 0.497436 0.037109 0.029304
1 0.657227 0.498535 0.039062 0.028571
1 0.616211 0.499267 0.037109 0.028571
1 0.576172 0.500366 0.037109 0.029304
1 0.536133 0.501099 0.037109 0.029304
1 0.466797 0.502198 0.037109 0.028571
1 0.426758 0.502930 0.037109 0.028571
1 0.386719 0.503663 0.037109 0.028571
1 0.347656 0.504396 0.037109 0.028571
1 0.277344 0.505495 0.037109 0.029304
1 0.237305 0.506227 0.037109 0.029304
1 0.196777 0.506960 0.038086 0.029304
1 0.155762 0.507692 0.038086 0.029304
1 0.848633 0.526007 0.039062 0.029304
1 0.807617 0.526740 0.039062 0.029304
1 0.767090 0.527839 0.038086 0.030037
1 0.727051 0.528571 0.038086 0.030037
1 0.657715 0.529670 0.038086 0.029304
1 0.617188 0.530403 0.037109 0.029304
1 0.577148 0.531136 0.037109 0.029304
1 0.537109 0.531868 0.037109 0.029304
1 0.467773 0.533333 0.037109 0.029304
1 0.427734 0.534066 0.037109 0.029304
1 0.387695 0.534799 0.037109 0.029304
1 0.348145 0.535531 0.038086 0.029304
1 0.278320 0.536996 0.037109 0.029304
1 0.238281 0.537729 0.037109 0.029304
1 0.197266 0.538828 0.037109 0.030037
1 0.155762 0.539560 0.038086 0.030037
1 0.850586 0.557875 0.039062 0.030037
1 0.809570 0.558608 0.039062 0.030037
1 0.769043 0.558974 0.038086 0.029304
1 0.728516 0.559707 0.037109 0.029304
1 0.658203 0.561172 0.037109 0.029304
1 0.618164 0.561905 0.037109 0.029304
1 0.578125 0.562637 0.037109 0.029304
1 0.538086 0.563370 0.037109 0.029304
1 0.468750 0.564835 0.037109 0.029304
1 0.428711 0.565568 0.037109 0.029304
1 0.388672 0.566300 0.037109 0.029304
1 0.348633 0.567033 0.037109 0.029304
1 0.278320 0.568498 0.037109 0.029304
1 0.238281 0.569231 0.037109 0.029304
1 0.197754 0.570330 0.038086 0.030037
1 0.156738 0.571429 0.038086 0.029304
1 0.853027 0.589744 0.040039 0.029304
1 0.811523 0.590476 0.039062 0.029304
1 0.770020 0.590842 0.038086 0.030037
1 0.729980 0.591575 0.038086 0.030037
1 0.659668 0.593040 0.038086 0.030037
1 0.619141 0.593407 0.037109 0.029304
1 0.579102 0.594139 0.037109 0.029304
1 0.539062 0.594872 0.037109 0.029304
1 0.469727 0.596337 0.037109 0.029304
1 0.429688 0.597070 0.037109 0.029304
1 0.389648 0.597802 0.037109 0.029304
1 0.349609 0.598901 0.037109 0.030037
1 0.279297 0.600366 0.037109 0.030037
1 0.238770 0.601099 0.038086 0.030037
1 0.198242 0.601832 0.037109 0.030037
1 0.156738 0.603297 0.038086 0.030037
1 0.854980 0.621978 0.040039 0.029304
1 0.812988 0.622344 0.040039 0.030037
1 0.771973 0.622711 0.038086 0.029304
1 0.731445 0.623443 0.039062 0.029304
1 0.660645 0.624542 0.038086 0.030037
1 0.620117 0.624908 0.037109 0.029304
1 0.580078 0.625641 0.037109 0.029304
1 0.540039 0.626374 0.037109 0.029304
1 0.470703 0.627839 0.037109 0.029304
1 0.430664 0.628571 0.037109 0.029304
1 0.390625 0.629304 0.037109 0.029304
1 0.350586 0.630403 0.037109 0.030037
1 0.280273 0.631868 0.037109 0.030037
1 0.239258 0.632601 0.037109 0.030037
1 0.198730 0.634066 0.038086 0.030037
1 0.157227 0.635165 0.039062 0.030769
1 0.856934 0.654212 0.040039 0.029304
1 0.814941 0.654579 0.040039 0.030037
1 0.773438 0.654579 0.039062 0.030037
1 0.732910 0.655311 0.038086 0.030037
1 0.661621 0.656410 0.038086 0.029304
1 0.621582 0.656777 0.038086 0.030037
1 0.581055 0.657509 0.037109 0.030037
1 0.541016 0.658242 0.037109 0.030037
1 0.471680 0.659341 0.037109 0.029304
1 0.431641 0.660440 0.037109 0.030037
1 0.391602 0.661172 0.037109 0.030037
1 0.351562 0.661905 0.037109 0.030037
1 0.280273 0.664103 0.037109 0.030037
1 0.239746 0.664835 0.038086 0.030037
1 0.198730 0.665934 0.038086 0.030769
1 0.157227 0.667399 0.039062 0.030769
1 0.859375 0.686813 0.041016 0.030037
1 0.816895 0.686813 0.040039 0.030037
1 0.775391 0.686813 0.039062 0.030037
1 0.734375 0.687546 0.039062 0.030037
1 0.665039 0.688278 0.041016 0.030037
1 0.622559 0.688645 0.038086 0.029304
1 0.582520 0.689377 0.038086 0.029304
1 0.542480 0.690110 0.038086 0.029304
1 0.472656 0.691209 0.037109 0.030037
1 0.432617 0.691941 0.037109 0.030037
1 0.392578 0.693040 0.037109 0.029304
1 0.351562 0.694139 0.037109 0.030037
1 0.281250 0.695604 0.037109 0.030037
1 0.240234 0.696703 0.037109 0.030769
1 0.199219 0.698168 0.037109 0.030769
1 0.157227 0.700000 0.039062 0.031502
1 0.818848 0.719414 0.040039 0.030769
1 0.861328 0.720147 0.041016 0.030769
1 0.736328 0.719780 0.039062 0.030037
1 0.777344 0.719780 0.039062 0.030037
1 0.664551 0.720513 0.038086 0.030037
1 0.624023 0.720513 0.037109 0.030037
1 0.583496 0.721245 0.038086 0.030037
1 0.543457 0.721978 0.038086 0.030037
1 0.473633 0.723443 0.037109 0.030037
1 0.433105 0.724176 0.038086 0.030037
1 0.392578 0.724908 0.037109 0.030037
1 0.352539 0.726007 0.037109 0.030769
1 0.281250 0.727839 0.037109 0.030037
1 0.240723 0.728938 0.038086 0.030769
1 0.199707 0.730769 0.038086 0.031502
1 0.157227 0.732234 0.039062 0.031502
1 0.820801 0.752381 0.040039 0.030769
1 0.779297 0.752015 0.039062 0.030037
1 0.738281 0.752015 0.039062 0.030037
1 0.863770 0.753114 0.040039 0.030769
1 0.666016 0.752747 0.039062 0.030037
1 0.584961 0.753480 0.037109 0.030037
1 0.625488 0.753480 0.038086 0.030037
1 0.544434 0.754579 0.038086 0.030769
1 0.474121 0.756044 0.038086 0.030769
1 0.433594 0.756777 0.037109 0.030769
1 0.393555 0.757509 0.037109 0.030769
1 0.353027 0.758608 0.038086 0.030037
1 0.281738 0.760440 0.038086 0.030769
1 0.240723 0.761905 0.038086 0.030769
1 0.199707 0.763370 0.038086 0.030769
1 0.157227 0.765201 0.039062 0.031502
1 0.866211 0.786081 0.041016 0.030769
1 0.823730 0.785714 0.040039 0.030037
1 0.739746 0.785714 0.040039 0.030037
1 0.781250 0.785714 0.039062 0.030037
1 0.667969 0.785714 0.039062 0.030037
1 0.626465 0.786081 0.038086 0.030769
1 0.586426 0.786447 0.038086 0.030037
1 0.545898 0.787546 0.037109 0.030769
1 0.475098 0.789011 0.038086 0.030769
1 0.434570 0.789744 0.037109 0.030769
1 0.393555 0.791209 0.037109 0.030769
1 0.353516 0.791941 0.037109 0.030769
1 0.282227 0.793407 0.037109 0.030769
1 0.241211 0.794872 0.037109 0.030769
1 0.199707 0.795971 0.038086 0.031502
1 0.157227 0.798168 0.039062 0.031502
1 0.868164 0.819414 0.041016 0.031502
1 0.825684 0.819048 0.040039 0.030769
1 0.742188 0.819048 0.039062 0.030769
1 0.783691 0.819048 0.040039 0.030769
1 0.669434 0.819048 0.038086 0.030769
1 0.628418 0.819048 0.038086 0.030769
1 0.587402 0.819780 0.038086 0.030769
1 0.546875 0.820879 0.037109 0.031502
1 0.476074 0.822711 0.038086 0.030769
1 0.435059 0.823443 0.038086 0.030769
1 0.394531 0.824542 0.037109 0.031502
1 0.353516 0.825275 0.037109 0.031502
1 0.282227 0.827106 0.037109 0.030769
1 0.241211 0.827839 0.037109 0.030769
1 0.199707 0.828938 0.038086 0.031502
1 0.158203 0.831136 0.039062 0.031502
1 0.870605 0.853114 0.040039 0.031502
1 0.744141 0.853114 0.039062 0.031502
1 0.827637 0.852747 0.040039 0.030769
1 0.670898 0.852747 0.039062 0.030769
1 0.785645 0.852747 0.040039 0.030769
1 0.629883 0.852747 0.039062 0.030769
1 0.588867 0.852747 0.039062 0.030769
1 0.548340 0.854212 0.038086 0.032234
1 0.477051 0.856777 0.038086 0.031502
1 0.436035 0.857509 0.038086 0.031502
1 0.395020 0.858242 0.038086 0.031502
1 0.353027 0.859341 0.038086 0.032234
1 0.241211 0.861172 0.037109 0.031502
1 0.281738 0.860806 0.036133 0.030769
1 0.200195 0.862271 0.037109 0.030769
1 0.158203 0.864469 0.039062 0.032234
1 0.872559 0.887179 0.040039 0.032234
1 0.746094 0.886813 0.039062 0.031502
1 0.829590 0.886447 0.040039 0.030769
1 0.672852 0.886813 0.039062 0.031502
1 0.788086 0.886813 0.039062 0.031502
1 0.631348 0.886447 0.038086 0.030769
1 0.590332 0.886447 0.038086 0.030769
1 0.549316 0.887912 0.038086 0.032234
1 0.478027 0.890842 0.038086 0.032234
1 0.437012 0.891575 0.038086 0.032234
1 0.395020 0.892308 0.038086 0.032234
1 0.354004 0.893773 0.038086 0.032234
1 0.241211 0.894872 0.037109 0.031502
1 0.281738 0.894872 0.038086 0.031502
1 0.200195 0.895604 0.037109 0.031502
1 0.158691 0.897436 0.038086 0.032234
1 0.447754 0.343956 0.026367 0.019780
0 0.474121 0.343590 0.026367 0.019048
0 0.501465 0.343223 0.026367 0.019780
0 0.528809 0.342491 0.026367 0.019780
2 0.448242 0.364469 0.025391 0.019780
0 0.475098 0.364103 0.026367 0.019048
0 0.502441 0.363736 0.026367 0.019780
0 0.529785 0.363004 0.026367 0.019780
3 0.448730 0.385714 0.026367 0.019780
0 0.475586 0.384982 0.025391 0.019780
0 0.503418 0.384615 0.026367 0.019048
0 0.530273 0.384249 0.027344 0.019780
