0 0.778809 0.884615 0.040039 0.031502
0 0.666016 0.885348 0.039062 0.031502
0 0.625488 0.885348 0.038086 0.031502
0 0.859863 0.883883 0.040039 0.031502
0 0.737793 0.884982 0.040039 0.032234
0 0.819336 0.884249 0.039062 0.032234
0 0.544922 0.886081 0.037109 0.031502
0 0.585449 0.885348 0.038086 0.031502
0 0.663574 0.850916 0.038086 0.031502
0 0.774902 0.850183 0.040039 0.031502
0 0.734375 0.850549 0.039062 0.030769
0 0.815430 0.849817 0.039062 0.030769
0 0.623535 0.851282 0.038086 0.030769
0 0.474121 0.886081 0.036133 0.031502
0 0.583496 0.851282 0.038086 0.030769
0 0.855469 0.849084 0.039062 0.030769
0 0.434570 0.886447 0.037109 0.030769
0 0.395020 0.886447 0.036133 0.030769
0 0.474121 0.852015 0.036133 0.030769
0 0.811035 0.816117 0.040039 0.030769
0 0.543945 0.851282 0.037109 0.030769
0 0.770996 0.816117 0.040039 0.030769
0 0.730957 0.816850 0.038086 0.030769
0 0.355469 0.886813 0.037109 0.031502
0 0.660645 0.816850 0.038086 0.030769
0 0.286133 0.887179 0.037109 0.030769
0 0.582031 0.817582 0.037109 0.030769
0 0.851074 0.815385 0.040039 0.030769
0 0.395020 0.852747 0.036133 0.030769
0 0.168457 0.888278 0.038086 0.030037
0 0.621582 0.817582 0.038086 0.030769
0 0.355957 0.853114 0.036133 0.030037
0 0.542480 0.818315 0.036133 0.030769
0 0.247070 0.887179 0.037109 0.030769
0 0.169434 0.855311 0.038086 0.030037
0 0.846680 0.782784 0.039062 0.030037
0 0.356934 0.820147 0.036133 0.030037
0 0.728027 0.783516 0.038086 0.030037
0 0.208008 0.887546 0.037109 0.030037
0 0.170898 0.823077 0.037109 0.030037
0 0.807129 0.782784 0.040039 0.030037
0 0.248535 0.853846 0.036133 0.030037
0 0.287598 0.853846 0.036133 0.030037
0 0.434082 0.852381 0.036133 0.030037
0 0.767578 0.783516 0.039062 0.030037
0 0.288574 0.820879 0.036133 0.030037
0 0.474121 0.818681 0.036133 0.030037
0 0.658691 0.784249 0.038086 0.030037
0 0.209473 0.854579 0.036133 0.030037
0 0.171875 0.790842 0.037109 0.030037
0 0.395508 0.819414 0.035156 0.030037
0 0.210449 0.822344 0.036133 0.030037
0 0.434570 0.819048 0.035156 0.030769
0 0.249512 0.821612 0.036133 0.030037
0 0.842285 0.750183 0.040039 0.029304
0 0.541504 0.784982 0.036133 0.030037
0 0.580566 0.784982 0.036133 0.030037
0 0.763672 0.750916 0.039062 0.029304
0 0.619141 0.784249 0.037109 0.030037
0 0.656250 0.751648 0.037109 0.029304
0 0.173828 0.758974 0.037109 0.029304
0 0.211426 0.790110 0.036133 0.030037
0 0.250977 0.789011 0.037109 0.029304
0 0.395996 0.786813 0.036133 0.029304
0 0.724609 0.750916 0.037109 0.029304
0 0.473633 0.785714 0.035156 0.030037
0 0.473145 0.753846 0.036133 0.029304
0 0.434570 0.786447 0.035156 0.030037
0 0.802734 0.750549 0.039062 0.030037
0 0.174805 0.727473 0.037109 0.029304
0 0.357422 0.787546 0.035156 0.029304
0 0.212402 0.758242 0.036133 0.029304
0 0.540527 0.753114 0.036133 0.029304
0 0.251465 0.757143 0.036133 0.030037
0 0.289551 0.788278 0.036133 0.029304
0 0.579590 0.752381 0.036133 0.029304
0 0.357910 0.755311 0.036133 0.029304
0 0.252441 0.726007 0.036133 0.029304
0 0.617676 0.752381 0.036133 0.029304
0 0.837891 0.718681 0.039062 0.029304
0 0.290527 0.756777 0.036133 0.029304
0 0.654297 0.720147 0.037109 0.029304
0 0.213379 0.726740 0.036133 0.029304
0 0.799316 0.718681 0.038086 0.029304
0 0.175781 0.696337 0.037109 0.028571
0 0.760254 0.719048 0.038086 0.028571
0 0.721680 0.719414 0.037109 0.029304
0 0.396484 0.754579 0.035156 0.029304
0 0.434570 0.754579 0.035156 0.029304
0 0.253418 0.694872 0.036133 0.028571
0 0.472656 0.722344 0.035156 0.029304
0 0.434570 0.723077 0.035156 0.029304
0 0.358398 0.724176 0.035156 0.028571
0 0.396484 0.723443 0.035156 0.028571
0 0.539551 0.721612 0.036133 0.029304
0 0.833984 0.687546 0.039062 0.028571
0 0.291016 0.725275 0.035156 0.029304
0 0.214355 0.695604 0.036133 0.028571
0 0.615723 0.720513 0.036133 0.028571
0 0.577637 0.720879 0.036133 0.029304
0 0.177246 0.665568 0.036133 0.028571
0 0.757324 0.688278 0.038086 0.028571
0 0.396484 0.692674 0.035156 0.028571
0 0.291992 0.694139 0.035156 0.028571
0 0.434570 0.691941 0.035156 0.028571
0 0.215820 0.664835 0.035156 0.028571
0 0.254395 0.664469 0.036133 0.027839
0 0.178223 0.635531 0.036133 0.028571
0 0.614258 0.689744 0.035156 0.028571
0 0.795410 0.687912 0.038086 0.027839
0 0.830078 0.657143 0.037109 0.027839
0 0.576660 0.690476 0.036133 0.028571
0 0.652344 0.689377 0.037109 0.027839
0 0.719238 0.688645 0.036133 0.027839
0 0.292969 0.633700 0.035156 0.027839
0 0.255859 0.604396 0.035156 0.027839
0 0.472656 0.691575 0.035156 0.027839
0 0.358398 0.693407 0.035156 0.028571
0 0.754395 0.657875 0.036133 0.027839
0 0.254883 0.634432 0.035156 0.027839
0 0.396484 0.662271 0.035156 0.027839
0 0.216797 0.634799 0.035156 0.028571
0 0.179199 0.605128 0.036133 0.027839
0 0.539062 0.690842 0.035156 0.027839
0 0.292480 0.663736 0.036133 0.027839
0 0.613281 0.659341 0.035156 0.027839
0 0.217773 0.605128 0.035156 0.027839
0 0.575195 0.660073 0.035156 0.027839
0 0.434570 0.661905 0.035156 0.028571
0 0.791992 0.657143 0.037109 0.027839
0 0.827148 0.627106 0.037109 0.027839
0 0.256836 0.545421 0.035156 0.027106
0 0.358887 0.662637 0.034180 0.028571
0 0.181152 0.546154 0.036133 0.027106
0 0.471680 0.661172 0.035156 0.028571
0 0.396973 0.632234 0.034180 0.027839
0 0.751953 0.627839 0.037109 0.027839
0 0.538086 0.660440 0.035156 0.028571
0 0.180176 0.575458 0.036133 0.027106
0 0.182129 0.516850 0.036133 0.027106
0 0.471680 0.631502 0.035156 0.027839
0 0.650879 0.658974 0.036133 0.028571
0 0.716309 0.658242 0.036133 0.028571
0 0.574219 0.630037 0.035156 0.027839
0 0.358887 0.632967 0.034180 0.027839
0 0.359375 0.602930 0.035156 0.027839
0 0.648926 0.629304 0.036133 0.027839
0 0.218750 0.575092 0.035156 0.027839
0 0.256348 0.574725 0.036133 0.027106
0 0.434082 0.631502 0.034180 0.027839
0 0.434082 0.602198 0.034180 0.027839
0 0.293945 0.574359 0.035156 0.027839
0 0.611328 0.629304 0.035156 0.027839
0 0.537109 0.630403 0.035156 0.027106
0 0.823730 0.597436 0.036133 0.027106
0 0.789551 0.627473 0.036133 0.027106
0 0.647461 0.599634 0.035156 0.027106
0 0.293457 0.603663 0.034180 0.027839
0 0.396973 0.602930 0.034180 0.027839
0 0.471191 0.601832 0.034180 0.027106
0 0.536133 0.600733 0.035156 0.027839
0 0.219727 0.516850 0.035156 0.027106
0 0.714355 0.628205 0.036133 0.027106
0 0.257812 0.487546 0.035156 0.027106
0 0.787109 0.597802 0.035156 0.027839
0 0.294922 0.516117 0.035156 0.027106
0 0.433594 0.572894 0.035156 0.027839
0 0.646484 0.570330 0.035156 0.027106
0 0.573242 0.600366 0.035156 0.027106
0 0.749512 0.598168 0.036133 0.027106
0 0.710938 0.569597 0.035156 0.027106
0 0.712891 0.598901 0.035156 0.027106
0 0.182617 0.487912 0.035156 0.026374
0 0.535645 0.571795 0.034180 0.027106
0 0.183594 0.459341 0.035156 0.026374
0 0.218750 0.545788 0.035156 0.027839
0 0.821777 0.568132 0.036133 0.027106
0 0.359863 0.544689 0.034180 0.027106
0 0.610352 0.600000 0.035156 0.027839
0 0.396973 0.573260 0.034180 0.027106
0 0.433105 0.543956 0.034180 0.027106
0 0.470215 0.543223 0.034180 0.027106
0 0.294434 0.545421 0.034180 0.027106
0 0.746094 0.540293 0.035156 0.027106
0 0.359375 0.573626 0.035156 0.027839
0 0.572754 0.571062 0.034180 0.027106
0 0.470703 0.572527 0.035156 0.027106
0 0.748047 0.568864 0.035156 0.027106
0 0.534668 0.542491 0.034180 0.027106
0 0.785156 0.568864 0.035156 0.027106
0 0.608398 0.541758 0.035156 0.027106
0 0.257324 0.516484 0.034180 0.026374
0 0.433105 0.515018 0.034180 0.026374
0 0.220215 0.487912 0.034180 0.026374
0 0.433105 0.486447 0.034180 0.026374
0 0.359863 0.515751 0.034180 0.026374
0 0.359863 0.487179 0.034180 0.026374
0 0.359863 0.458608 0.034180 0.026374
0 0.783203 0.539560 0.035156 0.027106
0 0.571777 0.542491 0.034180 0.027106
0 0.469238 0.457875 0.034180 0.026374
0 0.295410 0.487546 0.034180 0.027106
0 0.819824 0.539560 0.036133 0.027106
0 0.470215 0.514652 0.034180 0.027106
0 0.818359 0.510623 0.035156 0.026374
0 0.645020 0.541392 0.034180 0.026374
0 0.570801 0.513553 0.034180 0.026374
0 0.609375 0.571062 0.035156 0.027106
0 0.744141 0.511722 0.035156 0.027106
0 0.815918 0.482051 0.036133 0.026374
0 0.708984 0.540659 0.035156 0.026374
0 0.643555 0.512821 0.035156 0.026374
0 0.569824 0.484982 0.034180 0.026374
0 0.532715 0.457143 0.034180 0.026374
0 0.396484 0.543956 0.033203 0.027106
0 0.534180 0.513919 0.035156 0.027106
0 0.781250 0.510989 0.035156 0.027106
0 0.708008 0.512088 0.035156 0.026374
0 0.642578 0.484249 0.035156 0.026374
0 0.779297 0.482784 0.035156 0.026374
0 0.396484 0.515385 0.033203 0.027106
0 0.295410 0.458608 0.034180 0.026374
0 0.220703 0.459341 0.035156 0.026374
0 0.533691 0.484982 0.034180 0.027839
0 0.606934 0.513187 0.034180 0.027106
0 0.258301 0.458974 0.034180 0.025641
0 0.604980 0.456410 0.034180 0.026374
0 0.396484 0.458608 0.033203 0.026374
0 0.741211 0.454945 0.035156 0.026374
0 0.706543 0.483516 0.034180 0.026374
0 0.777344 0.454212 0.035156 0.026374
0 0.743164 0.483150 0.035156 0.027106
0 0.605957 0.484982 0.034180 0.026374
0 0.814453 0.454212 0.035156 0.026374
0 0.469238 0.486081 0.034180 0.027106
0 0.433105 0.457875 0.034180 0.026374
0 0.568848 0.456777 0.034180 0.025641
0 0.396484 0.486813 0.033203 0.027106
0 0.641113 0.456410 0.034180 0.026374
0 0.704590 0.455678 0.034180 0.026374
0 0.535156 0.254579 0.033203 0.025641
0 0.806152 0.321245 0.034180 0.025641
0 0.802734 0.250916 0.033203 0.025641
0 0.801758 0.223443 0.033203 0.026374
0 0.570312 0.324176 0.033203 0.025641
0 0.803711 0.278022 0.033203 0.025641
0 0.501953 0.281685 0.033203 0.025641
0 0.771973 0.321978 0.034180 0.025641
0 0.670898 0.323443 0.033203 0.025641
0 0.704102 0.322711 0.033203 0.025641
0 0.770020 0.278755 0.034180 0.025641
0 0.602539 0.280952 0.033203 0.025641
0 0.501465 0.254579 0.032227 0.025641
0 0.601562 0.253846 0.033203 0.025641
0 0.738281 0.322344 0.033203 0.026374
0 0.735352 0.252015 0.033203 0.026374
0 0.535156 0.281685 0.033203 0.025641
0 0.603516 0.324176 0.033203 0.025641
0 0.635742 0.280952 0.033203 0.025641
0 0.502930 0.324908 0.033203 0.025641
0 0.736328 0.279487 0.033203 0.025641
0 0.734375 0.224542 0.033203 0.025641
0 0.668945 0.280220 0.033203 0.025641
0 0.667969 0.226007 0.033203 0.025641
0 0.768555 0.251648 0.033203 0.025641
0 0.701172 0.225275 0.033203 0.025641
0 0.668457 0.253114 0.032227 0.025641
0 0.637207 0.323443 0.034180 0.025641
0 0.536621 0.324542 0.034180 0.024908
0 0.634766 0.226740 0.033203 0.025641
0 0.702148 0.252381 0.033203 0.025641
0 0.768066 0.224176 0.032227 0.026374
0 0.634766 0.253846 0.033203 0.025641
0 0.702637 0.279487 0.034180 0.025641
0 0.534180 0.227839 0.033203 0.024908
0 0.567871 0.227473 0.032227 0.025641
0 0.568359 0.254212 0.033203 0.024908
0 0.600586 0.227106 0.033203 0.024908
0 0.569336 0.281319 0.033203 0.024908
0 0.501465 0.227839 0.032227 0.024908
0 0.528809 0.389744 0.024414 0.017582
0 0.479980 0.408791 0.024414 0.017582
0 0.528809 0.371429 0.024414 0.017582
0 0.504883 0.408791 0.023438 0.017582
0 0.479492 0.390476 0.023438 0.017582
0 0.455078 0.390476 0.023438 0.017582
0 0.479492 0.372161 0.023438 0.017582
0 0.455078 0.372161 0.023438 0.017582
0 0.504395 0.372161 0.024414 0.017582
0 0.504395 0.390476 0.024414 0.017582
0 0.455566 0.409524 0.024414 0.017582
0 0.529785 0.408059 0.024414 0.017582
