0 0.841309 0.915018 0.043945 0.033700
0 0.837402 0.877656 0.043945 0.033700
0 0.795898 0.913919 0.042969 0.034432
0 0.833496 0.841758 0.043945 0.033700
0 0.886230 0.915385 0.041992 0.034432
0 0.751465 0.913553 0.041992 0.033700
0 0.792480 0.876923 0.041992 0.033700
0 0.881836 0.878388 0.042969 0.033700
0 0.748047 0.876557 0.041016 0.032967
0 0.830078 0.805861 0.042969 0.032234
0 0.789062 0.840659 0.042969 0.032967
0 0.878418 0.841758 0.041992 0.033700
0 0.826172 0.769963 0.042969 0.032234
0 0.144531 0.921978 0.041016 0.034432
0 0.785645 0.805128 0.041992 0.032234
0 0.874512 0.805495 0.041992 0.032967
0 0.673828 0.911722 0.041016 0.032967
0 0.870117 0.769963 0.042969 0.032234
0 0.745117 0.840659 0.041016 0.032967
0 0.822266 0.735165 0.042969 0.031502
0 0.145996 0.851648 0.040039 0.032967
0 0.471680 0.915385 0.039062 0.032967
0 0.817871 0.701099 0.043945 0.030769
0 0.631348 0.910989 0.040039 0.032967
0 0.671875 0.875824 0.041016 0.032967
0 0.187988 0.918681 0.040039 0.033700
0 0.145508 0.886447 0.041016 0.033700
0 0.546387 0.913187 0.040039 0.034432
0 0.782227 0.769963 0.041016 0.032234
0 0.742188 0.805128 0.041016 0.032234
0 0.146484 0.817216 0.041016 0.032967
0 0.588379 0.911722 0.040039 0.032967
0 0.345215 0.915385 0.040039 0.032967
0 0.866211 0.734799 0.042969 0.032234
0 0.429199 0.879121 0.038086 0.032234
0 0.147949 0.782784 0.040039 0.032967
0 0.189453 0.848718 0.039062 0.032967
0 0.388184 0.915018 0.038086 0.032234
0 0.470703 0.879121 0.039062 0.032234
0 0.669434 0.840293 0.040039 0.032234
0 0.586426 0.875824 0.040039 0.032967
0 0.544922 0.877656 0.039062 0.033700
0 0.629395 0.875458 0.040039 0.032234
0 0.739258 0.770330 0.041016 0.031502
0 0.862305 0.700733 0.041016 0.031502
0 0.430176 0.915018 0.038086 0.032234
0 0.584961 0.840293 0.039062 0.032234
0 0.230469 0.916850 0.039062 0.032967
0 0.188965 0.883516 0.040039 0.033700
0 0.148438 0.748718 0.041016 0.032234
0 0.626953 0.839927 0.039062 0.031502
0 0.543457 0.841758 0.040039 0.033700
0 0.667480 0.804762 0.040039 0.031502
0 0.778809 0.735165 0.041992 0.031502
0 0.345703 0.879853 0.039062 0.032234
0 0.272461 0.916484 0.037109 0.032234
0 0.857910 0.666667 0.041992 0.030769
0 0.387207 0.843956 0.038086 0.032234
0 0.470215 0.843223 0.038086 0.032234
0 0.387695 0.879121 0.039062 0.032234
0 0.736328 0.735897 0.041016 0.031502
0 0.345215 0.844689 0.038086 0.032234
0 0.664551 0.770330 0.040039 0.031502
0 0.814941 0.667399 0.041992 0.030769
0 0.625000 0.804762 0.039062 0.031502
0 0.468750 0.808425 0.039062 0.031502
0 0.189941 0.814652 0.040039 0.032234
0 0.428223 0.843956 0.038086 0.032234
0 0.583008 0.805861 0.039062 0.032234
0 0.149902 0.715385 0.040039 0.031502
0 0.190430 0.780220 0.039062 0.032234
0 0.231934 0.846886 0.038086 0.032234
0 0.230957 0.882051 0.038086 0.032234
0 0.541992 0.806960 0.039062 0.032967
0 0.272949 0.880952 0.038086 0.031502
0 0.345215 0.810256 0.038086 0.032234
0 0.623047 0.770330 0.039062 0.031502
0 0.775391 0.701465 0.041016 0.031502
0 0.662598 0.736264 0.040039 0.030769
0 0.854980 0.633700 0.041992 0.030769
0 0.191406 0.746520 0.039062 0.032234
0 0.150879 0.682051 0.040039 0.030769
0 0.812012 0.634432 0.041992 0.030769
0 0.468262 0.773993 0.038086 0.031502
0 0.582031 0.771062 0.039062 0.031502
0 0.272949 0.846154 0.038086 0.032234
0 0.540527 0.772161 0.038086 0.032234
0 0.232910 0.778755 0.038086 0.032234
0 0.733887 0.701832 0.040039 0.030769
0 0.387207 0.809524 0.038086 0.032234
0 0.428223 0.809158 0.038086 0.031502
0 0.232422 0.812821 0.039062 0.031502
0 0.772461 0.668132 0.041016 0.030769
0 0.273438 0.811722 0.037109 0.030769
0 0.345215 0.776190 0.038086 0.031502
0 0.151367 0.649451 0.039062 0.030037
0 0.427246 0.774725 0.038086 0.031502
0 0.621094 0.736630 0.039062 0.031502
0 0.386230 0.775458 0.038086 0.031502
0 0.539062 0.738828 0.039062 0.031502
0 0.850586 0.601099 0.041016 0.030037
0 0.232910 0.745421 0.038086 0.031502
0 0.426758 0.740659 0.037109 0.030769
0 0.192383 0.713553 0.039062 0.030769
0 0.467285 0.739927 0.038086 0.030769
0 0.579590 0.737363 0.038086 0.031502
0 0.660156 0.702564 0.039062 0.030769
0 0.808105 0.601832 0.041992 0.030037
0 0.345215 0.742491 0.038086 0.031502
0 0.385742 0.741392 0.037109 0.030769
0 0.192871 0.680586 0.038086 0.030769
0 0.273438 0.777656 0.037109 0.031502
0 0.152344 0.617216 0.039062 0.030037
0 0.619141 0.703297 0.039062 0.030769
0 0.769043 0.635165 0.040039 0.030769
0 0.730469 0.668864 0.039062 0.030769
0 0.846680 0.568864 0.041016 0.030037
0 0.658203 0.669963 0.039062 0.030037
0 0.538574 0.705495 0.040039 0.030769
0 0.233887 0.712088 0.038086 0.030769
0 0.385254 0.708425 0.038086 0.030769
0 0.274414 0.710623 0.037109 0.030769
0 0.193848 0.647985 0.038086 0.030037
0 0.805176 0.569963 0.040039 0.029304
0 0.466309 0.706960 0.038086 0.030769
0 0.274414 0.743956 0.037109 0.031502
0 0.153320 0.585348 0.039062 0.029304
0 0.578125 0.704029 0.037109 0.030769
0 0.425781 0.707692 0.037109 0.030769
0 0.727539 0.635897 0.039062 0.030769
0 0.234375 0.679121 0.037109 0.030769
0 0.617188 0.670696 0.039062 0.030037
0 0.576660 0.671429 0.038086 0.030037
0 0.766113 0.603297 0.040039 0.030037
0 0.536621 0.672527 0.038086 0.030769
0 0.843750 0.537363 0.041016 0.030037
0 0.655762 0.637363 0.038086 0.030769
0 0.345703 0.709158 0.037109 0.030769
0 0.154297 0.553846 0.039062 0.029304
0 0.465332 0.673626 0.038086 0.030037
0 0.194336 0.616484 0.037109 0.030037
0 0.345215 0.676557 0.038086 0.030037
0 0.234375 0.647253 0.037109 0.030037
0 0.802246 0.538462 0.040039 0.029304
0 0.653809 0.605495 0.038086 0.030037
0 0.615234 0.638462 0.039062 0.030037
0 0.613281 0.606227 0.039062 0.030037
0 0.274414 0.678022 0.037109 0.030037
0 0.725586 0.604029 0.039062 0.030037
0 0.425781 0.674725 0.037109 0.030769
0 0.384766 0.675824 0.037109 0.030037
0 0.155273 0.522711 0.039062 0.028571
0 0.464844 0.641392 0.037109 0.030037
0 0.763672 0.571062 0.039062 0.030037
0 0.574707 0.639194 0.038086 0.030037
0 0.234863 0.615018 0.038086 0.030037
0 0.840332 0.506227 0.040039 0.029304
0 0.344727 0.644322 0.037109 0.030037
0 0.534668 0.639927 0.038086 0.030037
0 0.195312 0.553114 0.037109 0.029304
0 0.194824 0.584615 0.038086 0.029304
0 0.424805 0.642491 0.037109 0.029304
0 0.384766 0.643590 0.037109 0.030037
0 0.798828 0.507692 0.039062 0.029304
0 0.274902 0.645788 0.036133 0.030037
0 0.651855 0.573626 0.038086 0.029304
0 0.760742 0.539927 0.039062 0.029304
0 0.344727 0.612821 0.037109 0.030037
0 0.573730 0.607326 0.038086 0.029304
0 0.722656 0.572161 0.039062 0.029304
0 0.274902 0.614286 0.036133 0.030037
0 0.533691 0.608059 0.038086 0.029304
0 0.463867 0.609890 0.037109 0.030037
0 0.155762 0.491575 0.038086 0.027839
0 0.384277 0.611722 0.036133 0.029304
0 0.235352 0.583883 0.037109 0.029304
0 0.720215 0.540659 0.038086 0.029304
0 0.836914 0.475458 0.039062 0.029304
0 0.424316 0.610623 0.036133 0.030037
0 0.611816 0.575092 0.038086 0.029304
0 0.649902 0.542857 0.038086 0.029304
0 0.795898 0.476923 0.039062 0.029304
0 0.344238 0.580952 0.036133 0.029304
0 0.572266 0.575824 0.037109 0.029304
0 0.274902 0.582418 0.036133 0.029304
0 0.532227 0.576557 0.037109 0.029304
0 0.462891 0.578022 0.037109 0.029304
0 0.833984 0.445055 0.039062 0.028571
0 0.235840 0.552747 0.036133 0.028571
0 0.758301 0.508791 0.038086 0.028571
0 0.793457 0.446520 0.038086 0.028571
0 0.610352 0.543590 0.037109 0.029304
0 0.344727 0.519048 0.039062 0.028571
0 0.274902 0.551648 0.036133 0.029304
0 0.383301 0.549084 0.036133 0.028571
0 0.718262 0.509890 0.038086 0.029304
0 0.531250 0.545421 0.037109 0.028571
0 0.156738 0.461538 0.038086 0.027839
0 0.383789 0.580220 0.037109 0.029304
0 0.344238 0.550183 0.036133 0.029304
0 0.570312 0.544689 0.037109 0.028571
0 0.423828 0.579487 0.037109 0.029304
0 0.755859 0.478022 0.039062 0.028571
0 0.195312 0.522711 0.039062 0.028571
0 0.647949 0.511722 0.038086 0.028571
0 0.235840 0.521978 0.036133 0.028571
0 0.461914 0.547253 0.037109 0.029304
0 0.196289 0.491941 0.037109 0.028571
0 0.608398 0.512821 0.037109 0.029304
0 0.753418 0.447619 0.038086 0.029304
0 0.196777 0.461538 0.036133 0.027839
0 0.422852 0.548352 0.037109 0.028571
0 0.274902 0.520879 0.036133 0.029304
0 0.343262 0.488278 0.036133 0.028571
0 0.715820 0.479487 0.037109 0.028571
0 0.382324 0.487546 0.036133 0.028571
0 0.235840 0.491209 0.036133 0.028571
0 0.460938 0.516484 0.037109 0.029304
0 0.569336 0.513919 0.037109 0.028571
0 0.529785 0.514652 0.036133 0.028571
0 0.713867 0.448718 0.037109 0.028571
0 0.421387 0.486813 0.036133 0.028571
0 0.422363 0.517582 0.036133 0.028571
0 0.460449 0.486081 0.036133 0.028571
0 0.606934 0.482418 0.038086 0.028571
0 0.646484 0.481319 0.037109 0.029304
0 0.567871 0.483150 0.036133 0.028571
0 0.605469 0.452015 0.037109 0.027839
0 0.382812 0.518315 0.037109 0.028571
0 0.274902 0.490476 0.036133 0.028571
0 0.644531 0.450916 0.037109 0.028571
0 0.566406 0.453114 0.037109 0.028571
0 0.235840 0.460806 0.036133 0.027839
0 0.342285 0.458242 0.036133 0.028571
0 0.381348 0.457509 0.036133 0.028571
0 0.822266 0.301099 0.037109 0.029304
0 0.420410 0.456777 0.036133 0.028571
0 0.785156 0.302930 0.037109 0.028571
0 0.528809 0.484249 0.036133 0.027839
0 0.527344 0.454212 0.037109 0.027839
0 0.782227 0.255678 0.037109 0.029304
0 0.818848 0.253846 0.038086 0.028571
0 0.779297 0.195971 0.037109 0.028571
0 0.459473 0.455678 0.036133 0.027839
0 0.815918 0.194505 0.036133 0.028571
0 0.274414 0.459707 0.035156 0.028571
0 0.669434 0.200366 0.036133 0.028571
0 0.706055 0.198901 0.035156 0.028571
0 0.780273 0.226007 0.037109 0.028571
0 0.743652 0.227473 0.036133 0.028571
0 0.742676 0.197436 0.036133 0.028571
0 0.633301 0.201832 0.036133 0.028571
0 0.817383 0.224542 0.037109 0.028571
0 0.748047 0.304396 0.037109 0.028571
0 0.634277 0.231868 0.036133 0.028571
0 0.707520 0.228938 0.036133 0.028571
0 0.597168 0.203297 0.036133 0.028571
0 0.745117 0.257509 0.037109 0.028571
0 0.670898 0.230403 0.035156 0.028571
0 0.710938 0.305495 0.037109 0.027839
0 0.598145 0.233333 0.036133 0.028571
0 0.708496 0.258974 0.036133 0.028571
0 0.674316 0.306960 0.036133 0.027839
0 0.601074 0.309158 0.036133 0.027839
0 0.635742 0.261538 0.037109 0.027839
0 0.672363 0.260073 0.036133 0.027839
0 0.637695 0.308059 0.037109 0.028571
0 0.599121 0.262637 0.036133 0.028571
0 0.528809 0.311355 0.036133 0.027839
0 0.564941 0.310623 0.036133 0.027839
0 0.493164 0.312088 0.035156 0.027839
0 0.562012 0.234432 0.036133 0.027839
0 0.563477 0.263736 0.035156 0.027839
0 0.560547 0.204762 0.035156 0.028571
0 0.527344 0.265201 0.035156 0.027839
0 0.526367 0.235897 0.035156 0.027839
0 0.525391 0.206593 0.035156 0.027839
0 0.489258 0.207326 0.035156 0.027839
0 0.490234 0.236630 0.035156 0.027839
0 0.491211 0.265934 0.035156 0.027839
0 0.442383 0.364103 0.025391 0.019048
0 0.468750 0.363370 0.025391 0.019048
0 0.497070 0.402930 0.025391 0.019048
0 0.522949 0.402198 0.026367 0.019048
0 0.521484 0.362637 0.025391 0.019048
0 0.496094 0.382784 0.025391 0.018315
0 0.522461 0.382051 0.025391 0.018315
0 0.469727 0.383150 0.025391 0.019048
0 0.443359 0.383883 0.025391 0.019048
0 0.470215 0.403663 0.026367 0.019048
0 0.443359 0.403663 0.025391 0.019048
0 0.495605 0.363370 0.026367 0.019048
