2 0.829590 0.208425 0.040039 0.031502
2 0.792969 0.210623 0.039062 0.031502
2 0.756348 0.211722 0.038086 0.030769
2 0.721680 0.213187 0.039062 0.030769
2 0.685059 0.213187 0.038086 0.030769
2 0.650879 0.214286 0.038086 0.030037
2 0.615723 0.215385 0.038086 0.030769
2 0.579590 0.216484 0.038086 0.030037
2 0.544922 0.216850 0.039062 0.030769
2 0.510254 0.216850 0.038086 0.030769
2 0.829102 0.238462 0.041016 0.031502
2 0.794434 0.239927 0.040039 0.031502
2 0.756836 0.241026 0.039062 0.030769
2 0.722168 0.242491 0.038086 0.030769
2 0.687012 0.242491 0.038086 0.030769
2 0.650879 0.243590 0.038086 0.030037
2 0.546387 0.244689 0.038086 0.030769
2 0.615723 0.244689 0.038086 0.030769
2 0.581543 0.244689 0.038086 0.030769
2 0.510254 0.246154 0.038086 0.029304
2 0.829590 0.268132 0.038086 0.030769
2 0.792969 0.269231 0.039062 0.030037
2 0.758301 0.270330 0.038086 0.030769
2 0.722168 0.271429 0.038086 0.030037
2 0.687012 0.271795 0.038086 0.030769
2 0.652344 0.272894 0.039062 0.030037
2 0.617188 0.272894 0.039062 0.030037
2 0.582520 0.273993 0.038086 0.030769
2 0.547852 0.273993 0.039062 0.029304
2 0.511719 0.275092 0.039062 0.030037
2 0.831055 0.314286 0.039062 0.030769
2 0.794434 0.315385 0.038086 0.030037
2 0.759766 0.316484 0.039062 0.030769
2 0.723633 0.316850 0.039062 0.030037
2 0.688965 0.317949 0.038086 0.030769
2 0.653809 0.317949 0.038086 0.030769
2 0.617676 0.319048 0.038086 0.030037
2 0.548340 0.320147 0.038086 0.030769
2 0.582520 0.319048 0.038086 0.030037
2 0.513184 0.320147 0.038086 0.030769
2 0.837891 0.454579 0.041016 0.030037
2 0.798340 0.455678 0.040039 0.030769
2 0.761719 0.455678 0.039062 0.030769
2 0.723145 0.456777 0.040039 0.030037
2 0.657715 0.458242 0.038086 0.030037
2 0.619629 0.458242 0.040039 0.030037
2 0.582520 0.458242 0.038086 0.030037
2 0.544434 0.459341 0.040039 0.030769
2 0.479004 0.460806 0.038086 0.030769
2 0.403809 0.460806 0.038086 0.030769
2 0.441895 0.460806 0.038086 0.030769
2 0.365723 0.461905 0.040039 0.030037
2 0.261719 0.463004 0.039062 0.030769
2 0.299805 0.461905 0.039062 0.030037
2 0.223145 0.463004 0.038086 0.030769
2 0.185059 0.464469 0.040039 0.030769
2 0.839844 0.483883 0.041016 0.030037
2 0.801758 0.484982 0.041016 0.030769
2 0.763184 0.484982 0.040039 0.030769
2 0.725098 0.486081 0.038086 0.030037
2 0.659180 0.487546 0.039062 0.030037
2 0.621094 0.487546 0.039062 0.030037
2 0.583008 0.488645 0.039062 0.030769
2 0.544922 0.488645 0.039062 0.030769
2 0.480469 0.489744 0.039062 0.030037
2 0.441895 0.489744 0.038086 0.030037
2 0.367188 0.491209 0.039062 0.030037
2 0.403809 0.491209 0.038086 0.030037
2 0.300293 0.492308 0.038086 0.030769
2 0.261719 0.492308 0.039062 0.030769
2 0.187012 0.493407 0.040039 0.030037
2 0.223633 0.493407 0.039062 0.030037
2 0.841309 0.513187 0.041992 0.030037
2 0.765137 0.514286 0.040039 0.030769
2 0.803223 0.514286 0.041992 0.030769
2 0.727051 0.515385 0.040039 0.030037
2 0.660645 0.516484 0.040039 0.030769
2 0.584473 0.517949 0.038086 0.030769
2 0.622559 0.516850 0.040039 0.030037
2 0.546387 0.517949 0.038086 0.030769
2 0.480469 0.519048 0.039062 0.030037
2 0.441895 0.520147 0.040039 0.030769
2 0.404297 0.520147 0.039062 0.030769
2 0.367188 0.520513 0.039062 0.030037
2 0.300293 0.521612 0.038086 0.030769
2 0.261719 0.522711 0.041016 0.030037
2 0.223633 0.522711 0.039062 0.030037
2 0.185059 0.523810 0.040039 0.030769
2 0.845215 0.543590 0.041992 0.030769
2 0.805176 0.543590 0.041992 0.030769
2 0.767090 0.544689 0.040039 0.030037
2 0.729004 0.545788 0.040039 0.030769
2 0.660645 0.545788 0.040039 0.030769
2 0.622559 0.547253 0.040039 0.030769
2 0.547852 0.547253 0.039062 0.030769
2 0.585938 0.547253 0.039062 0.030769
2 0.480469 0.549451 0.039062 0.030769
2 0.443848 0.549451 0.040039 0.030769
2 0.405762 0.549451 0.038086 0.030769
2 0.367676 0.550916 0.038086 0.030769
2 0.300293 0.552015 0.038086 0.031502
2 0.261719 0.552015 0.039062 0.030037
2 0.223633 0.553114 0.039062 0.030769
2 0.185059 0.553114 0.040039 0.030769
2 0.846680 0.572894 0.041016 0.030769
2 0.807129 0.573993 0.041992 0.030037
2 0.768555 0.575092 0.041016 0.030769
2 0.730469 0.575458 0.041016 0.031502
2 0.662598 0.576557 0.040039 0.030769
2 0.586426 0.576557 0.038086 0.030769
2 0.624512 0.576557 0.038086 0.030769
2 0.548340 0.577656 0.038086 0.030037
2 0.443848 0.578755 0.038086 0.030769
2 0.481934 0.578755 0.038086 0.030769
2 0.405762 0.580220 0.038086 0.030769
2 0.367676 0.580220 0.040039 0.030769
2 0.301758 0.581319 0.044922 0.031502
2 0.263184 0.582784 0.040039 0.031502
2 0.223633 0.582418 0.039062 0.030769
2 0.185059 0.583883 0.040039 0.030769
2 0.850098 0.603297 0.041992 0.031502
2 0.810059 0.604762 0.041992 0.031502
2 0.770508 0.605495 0.041016 0.031502
2 0.731934 0.605861 0.041992 0.030769
2 0.664551 0.605861 0.040039 0.030769
2 0.626465 0.606960 0.040039 0.031502
2 0.588379 0.606960 0.040039 0.031502
2 0.549805 0.608425 0.039062 0.031502
2 0.482422 0.609158 0.039062 0.031502
2 0.443848 0.609158 0.040039 0.031502
2 0.407227 0.610623 0.039062 0.031502
2 0.367676 0.610623 0.040039 0.030037
2 0.301270 0.612088 0.038086 0.031502
2 0.263184 0.612821 0.040039 0.031502
2 0.223145 0.612821 0.040039 0.031502
2 0.185059 0.614286 0.041992 0.031502
2 0.852051 0.634799 0.041992 0.031502
2 0.812012 0.634799 0.041992 0.031502
2 0.773438 0.634799 0.041016 0.031502
2 0.733887 0.636264 0.041992 0.031502
2 0.666016 0.636264 0.041016 0.031502
2 0.626465 0.637363 0.040039 0.032234
2 0.550293 0.638462 0.038086 0.031502
2 0.588379 0.637363 0.040039 0.030769
2 0.444336 0.639927 0.039062 0.031502
2 0.483887 0.638828 0.040039 0.030769
2 0.407227 0.639927 0.039062 0.031502
2 0.301270 0.642125 0.038086 0.031502
2 0.263184 0.643590 0.040039 0.031502
2 0.223145 0.643590 0.040039 0.031502
2 0.185059 0.644689 0.041992 0.032234
2 0.855469 0.665568 0.042969 0.031502
2 0.816895 0.666667 0.043945 0.032234
2 0.775879 0.666667 0.041992 0.032234
2 0.735840 0.666667 0.041992 0.032234
2 0.667969 0.667766 0.041016 0.031502
2 0.627930 0.667766 0.041016 0.031502
2 0.589844 0.667766 0.039062 0.031502
2 0.551270 0.669231 0.040039 0.031502
2 0.485352 0.669231 0.041016 0.031502
2 0.445801 0.670330 0.040039 0.032234
2 0.407715 0.671429 0.038086 0.031502
2 0.369629 0.671429 0.041992 0.031502
2 0.301270 0.672894 0.038086 0.031502
2 0.263184 0.673993 0.040039 0.032234
2 0.223145 0.675092 0.038086 0.031502
2 0.183594 0.675458 0.041016 0.032234
2 0.858887 0.697436 0.043945 0.032234
2 0.817383 0.697436 0.042969 0.032234
2 0.777344 0.697436 0.042969 0.032234
2 0.737305 0.698535 0.041016 0.031502
2 0.669434 0.698535 0.041992 0.031502
2 0.629395 0.699634 0.040039 0.032234
2 0.591309 0.699634 0.040039 0.032234
2 0.551758 0.699634 0.041016 0.032234
2 0.483887 0.700733 0.040039 0.031502
2 0.445801 0.700733 0.040039 0.031502
2 0.369141 0.702198 0.041016 0.031502
2 0.407715 0.702198 0.038086 0.031502
2 0.303223 0.703297 0.041992 0.032234
2 0.263184 0.704396 0.040039 0.031502
2 0.223145 0.705861 0.040039 0.031502
2 0.183594 0.706960 0.041016 0.032234
2 0.860840 0.730037 0.043945 0.032967
2 0.820801 0.730037 0.043945 0.032967
2 0.780762 0.730037 0.041992 0.032967
2 0.740723 0.730037 0.041992 0.031502
2 0.671387 0.730037 0.041992 0.031502
2 0.591797 0.731136 0.041016 0.032234
2 0.631348 0.731136 0.041992 0.032234
2 0.553223 0.731502 0.041992 0.031502
2 0.445801 0.732601 0.040039 0.032234
2 0.485840 0.732601 0.040039 0.032234
2 0.407715 0.732601 0.038086 0.032234
2 0.369629 0.733700 0.040039 0.031502
2 0.301270 0.735165 0.038086 0.031502
2 0.263184 0.736264 0.040039 0.032234
2 0.223145 0.737363 0.040039 0.032967
2 0.183594 0.738828 0.041016 0.032967
2 0.822754 0.761538 0.043945 0.032967
2 0.782715 0.761538 0.043945 0.032967
2 0.864258 0.763004 0.044922 0.032967
2 0.673340 0.761905 0.041992 0.032234
2 0.742676 0.761905 0.041992 0.032234
2 0.633301 0.763004 0.041992 0.032967
2 0.593262 0.763004 0.040039 0.032967
2 0.554688 0.763004 0.041016 0.031502
2 0.485840 0.764103 0.041992 0.032234
2 0.447754 0.764103 0.040039 0.032234
2 0.407715 0.764469 0.040039 0.031502
2 0.369629 0.765568 0.038086 0.032234
2 0.301270 0.766667 0.038086 0.031502
2 0.261719 0.767766 0.039062 0.032234
2 0.223145 0.768132 0.040039 0.032967
2 0.182129 0.770330 0.041992 0.032967
2 0.826172 0.794505 0.042969 0.032967
2 0.786133 0.794505 0.042969 0.032967
2 0.744629 0.794505 0.041992 0.032967
2 0.634766 0.794505 0.041016 0.032967
2 0.867676 0.795971 0.045898 0.032967
2 0.674805 0.794872 0.041016 0.032234
2 0.555176 0.795971 0.041992 0.032967
2 0.595215 0.794872 0.041992 0.032234
2 0.447754 0.795971 0.040039 0.031502
2 0.485840 0.795971 0.040039 0.031502
2 0.409180 0.795971 0.039062 0.031502
2 0.369629 0.797070 0.040039 0.032234
2 0.301270 0.798168 0.040039 0.032967
2 0.261719 0.799634 0.039062 0.032967
2 0.221680 0.800733 0.041016 0.033700
2 0.182129 0.801832 0.041992 0.032967
2 0.829590 0.827839 0.043945 0.033700
2 0.676758 0.827839 0.041016 0.033700
2 0.747559 0.827839 0.041992 0.033700
2 0.787598 0.827839 0.043945 0.033700
2 0.636719 0.827473 0.041016 0.032967
2 0.596680 0.827473 0.041016 0.032967
2 0.556641 0.827839 0.041016 0.033700
2 0.871094 0.828938 0.044922 0.034432
2 0.487793 0.828938 0.040039 0.032967
2 0.447754 0.828938 0.040039 0.032967
2 0.409668 0.828938 0.040039 0.032967
2 0.369629 0.828938 0.040039 0.032967
2 0.301270 0.830037 0.040039 0.032234
2 0.261719 0.831136 0.039062 0.031502
2 0.222168 0.832601 0.040039 0.034432
2 0.181641 0.834799 0.041016 0.034432
2 0.638184 0.860806 0.041992 0.033700
2 0.598145 0.860806 0.041992 0.033700
2 0.557129 0.860806 0.041992 0.033700
2 0.409668 0.860440 0.040039 0.032967
2 0.447754 0.860806 0.040039 0.033700
2 0.832520 0.861905 0.043945 0.034432
2 0.678223 0.861905 0.043945 0.034432
2 0.791016 0.861905 0.042969 0.032967
2 0.749512 0.861905 0.043945 0.034432
2 0.487305 0.861905 0.041016 0.032967
2 0.369629 0.861905 0.040039 0.032967
2 0.874512 0.863004 0.043945 0.033700
2 0.299805 0.863004 0.041016 0.032234
2 0.261719 0.863004 0.039062 0.032234
2 0.221680 0.864469 0.041016 0.033700
2 0.181641 0.867033 0.041016 0.032967
2 0.449219 0.893773 0.039062 0.033700
2 0.369629 0.893773 0.040039 0.033700
2 0.410645 0.893407 0.040039 0.032967
2 0.640137 0.894872 0.041992 0.034432
2 0.598633 0.894872 0.041016 0.034432
2 0.558594 0.894872 0.041016 0.034432
2 0.489258 0.894872 0.041016 0.034432
2 0.834473 0.895971 0.043945 0.033700
2 0.792969 0.895971 0.042969 0.033700
2 0.680176 0.895971 0.043945 0.033700
2 0.751465 0.895971 0.041992 0.033700
2 0.261719 0.895971 0.039062 0.033700
2 0.301270 0.894872 0.040039 0.031502
2 0.876465 0.897070 0.043945 0.034432
2 0.221680 0.897070 0.041016 0.034432
2 0.181641 0.898535 0.042969 0.032967
1 0.462891 0.370330 0.029297 0.021245
0 0.489258 0.370330 0.029297 0.021245
0 0.515137 0.370330 0.028320 0.021245
0 0.539551 0.370330 0.028320 0.021245
2 0.463379 0.389744 0.028320 0.020513
0 0.489258 0.389744 0.027344 0.020513
0 0.515137 0.389744 0.030273 0.020513
0 0.541016 0.388645 0.029297 0.021245
3 0.464844 0.409524 0.029297 0.020513
0 0.489258 0.409524 0.029297 0.020513
0 0.515137 0.409158 0.028320 0.021245
0 0.541016 0.409158 0.027344 0.021245
2 0.368652 0.641758 0.036133 0.027839
