2 0.791992 0.190842 0.037109 0.028571
2 0.758789 0.192308 0.037109 0.028571
2 0.725586 0.193407 0.037109 0.027839
2 0.692871 0.194505 0.036133 0.028571
2 0.659668 0.195604 0.036133 0.027839
2 0.627441 0.196337 0.036133 0.027839
2 0.595215 0.197436 0.036133 0.027106
2 0.562500 0.198168 0.035156 0.027106
2 0.498047 0.198901 0.035156 0.027106
2 0.530273 0.198901 0.035156 0.027106
2 0.792969 0.216850 0.037109 0.029304
2 0.759766 0.218681 0.037109 0.028571
2 0.726562 0.219780 0.037109 0.027839
2 0.693359 0.220513 0.037109 0.027839
2 0.660645 0.221245 0.036133 0.027839
2 0.627930 0.221978 0.037109 0.027839
2 0.595215 0.223077 0.036133 0.027106
2 0.562988 0.223810 0.036133 0.027106
2 0.530273 0.223810 0.035156 0.027106
2 0.498047 0.224176 0.035156 0.026374
2 0.794434 0.243223 0.038086 0.029304
2 0.760742 0.244689 0.037109 0.027839
2 0.727539 0.245421 0.037109 0.027839
2 0.694336 0.246154 0.037109 0.027839
2 0.661621 0.247253 0.036133 0.027106
2 0.628906 0.247985 0.037109 0.027106
2 0.595703 0.248352 0.037109 0.027839
2 0.562988 0.249084 0.036133 0.027839
2 0.530762 0.249451 0.036133 0.027106
2 0.498047 0.249451 0.035156 0.027106
2 0.796387 0.285348 0.038086 0.028571
2 0.762695 0.286081 0.037109 0.028571
2 0.729492 0.287179 0.037109 0.027839
2 0.695801 0.287179 0.036133 0.027839
2 0.663086 0.287912 0.037109 0.027839
2 0.629883 0.288278 0.037109 0.027106
2 0.596680 0.289011 0.037109 0.027106
2 0.563965 0.289377 0.036133 0.027839
2 0.530762 0.290110 0.036133 0.027839
2 0.498535 0.290476 0.036133 0.027106
2 0.804688 0.413553 0.039062 0.028571
2 0.731934 0.414286 0.038086 0.028571
2 0.768066 0.414286 0.038086 0.028571
2 0.695801 0.415018 0.038086 0.028571
2 0.632812 0.415751 0.037109 0.028571
2 0.596680 0.415751 0.037109 0.028571
2 0.561035 0.416484 0.038086 0.028571
2 0.462891 0.417216 0.037109 0.028571
2 0.391602 0.417216 0.037109 0.028571
2 0.355957 0.417216 0.038086 0.028571
2 0.427734 0.417216 0.037109 0.028571
2 0.525391 0.416850 0.037109 0.027839
2 0.293945 0.417582 0.037109 0.029304
2 0.258789 0.417949 0.037109 0.028571
2 0.187500 0.418681 0.039062 0.028571
2 0.223145 0.418681 0.038086 0.028571
2 0.806641 0.440659 0.039062 0.028571
2 0.769531 0.441392 0.039062 0.028571
2 0.733398 0.441758 0.039062 0.029304
2 0.696777 0.442125 0.038086 0.028571
2 0.633301 0.442857 0.038086 0.028571
2 0.597656 0.443223 0.037109 0.029304
2 0.561523 0.443590 0.037109 0.028571
2 0.391113 0.444322 0.038086 0.028571
2 0.355469 0.444322 0.037109 0.028571
2 0.427246 0.444322 0.038086 0.028571
2 0.462891 0.444322 0.037109 0.028571
2 0.525391 0.444322 0.037109 0.028571
2 0.292969 0.445055 0.037109 0.028571
2 0.185547 0.445788 0.039062 0.028571
2 0.222168 0.445788 0.038086 0.028571
2 0.257324 0.445788 0.038086 0.028571
2 0.809082 0.468132 0.040039 0.029304
2 0.771973 0.468864 0.040039 0.029304
2 0.698242 0.469597 0.039062 0.029304
2 0.735352 0.469231 0.039062 0.028571
2 0.634277 0.470330 0.038086 0.029304
2 0.598145 0.470696 0.038086 0.028571
2 0.562012 0.471062 0.038086 0.029304
2 0.525879 0.471429 0.038086 0.028571
2 0.354980 0.472161 0.038086 0.028571
2 0.426758 0.472161 0.037109 0.028571
2 0.462891 0.472161 0.037109 0.028571
2 0.390625 0.472161 0.037109 0.028571
2 0.291504 0.472527 0.038086 0.029304
2 0.256348 0.473260 0.038086 0.029304
2 0.184082 0.473626 0.040039 0.028571
2 0.220215 0.473626 0.038086 0.028571
2 0.812012 0.495604 0.040039 0.030037
2 0.773926 0.496703 0.040039 0.029304
2 0.736816 0.497436 0.040039 0.029304
2 0.700195 0.497436 0.039062 0.029304
2 0.635254 0.498168 0.038086 0.029304
2 0.562500 0.498901 0.037109 0.029304
2 0.599121 0.498535 0.038086 0.028571
2 0.462891 0.499634 0.037109 0.029304
2 0.526367 0.499267 0.037109 0.028571
2 0.354004 0.500366 0.038086 0.029304
2 0.290527 0.500366 0.038086 0.029304
2 0.390137 0.500000 0.038086 0.028571
2 0.426270 0.500000 0.038086 0.028571
2 0.182129 0.501099 0.040039 0.029304
2 0.218750 0.501099 0.039062 0.029304
2 0.254395 0.501099 0.038086 0.029304
2 0.814453 0.523443 0.041016 0.030037
2 0.776367 0.524542 0.041016 0.029304
2 0.738770 0.525275 0.040039 0.029304
2 0.701172 0.526007 0.039062 0.029304
2 0.636719 0.526007 0.039062 0.029304
2 0.600098 0.526740 0.038086 0.029304
2 0.562988 0.526740 0.038086 0.029304
2 0.526367 0.527473 0.037109 0.029304
2 0.462402 0.527473 0.038086 0.029304
2 0.353027 0.528205 0.038086 0.029304
2 0.426270 0.528205 0.038086 0.029304
2 0.390137 0.528205 0.038086 0.029304
2 0.289551 0.528571 0.038086 0.030037
2 0.253418 0.528938 0.038086 0.029304
2 0.179688 0.529670 0.041016 0.029304
2 0.216797 0.529304 0.039062 0.028571
2 0.817871 0.552015 0.041992 0.030037
2 0.779297 0.552747 0.041016 0.030037
2 0.740723 0.553480 0.040039 0.030037
2 0.703125 0.554212 0.039062 0.030037
2 0.637695 0.554945 0.039062 0.030037
2 0.600586 0.554945 0.039062 0.030037
2 0.526855 0.555678 0.038086 0.030037
2 0.563477 0.555311 0.039062 0.029304
2 0.462402 0.556410 0.038086 0.030037
2 0.425293 0.556410 0.038086 0.030037
2 0.389160 0.556777 0.038086 0.029304
2 0.288086 0.557143 0.037109 0.030037
2 0.352539 0.556777 0.039062 0.029304
2 0.178223 0.557875 0.040039 0.030037
2 0.215332 0.557875 0.040039 0.030037
2 0.251953 0.557875 0.039062 0.030037
2 0.820801 0.580952 0.041992 0.030769
2 0.781738 0.581685 0.041992 0.030769
2 0.743164 0.582784 0.041016 0.030037
2 0.704590 0.583150 0.040039 0.030769
2 0.638672 0.583516 0.039062 0.030037
2 0.564453 0.584249 0.039062 0.030037
2 0.601562 0.584249 0.039062 0.030037
2 0.462402 0.584982 0.038086 0.030037
2 0.425293 0.584982 0.038086 0.030037
2 0.526855 0.584615 0.038086 0.029304
2 0.349609 0.585714 0.042969 0.030037
2 0.388184 0.585714 0.038086 0.030037
2 0.286621 0.585714 0.038086 0.030037
2 0.175781 0.586447 0.041016 0.030037
2 0.250488 0.586447 0.038086 0.030037
2 0.213867 0.586447 0.039062 0.030037
2 0.823730 0.610989 0.041992 0.030769
2 0.784668 0.611722 0.041992 0.030769
2 0.745117 0.612454 0.041016 0.030769
2 0.706543 0.612454 0.040039 0.030769
2 0.640137 0.613187 0.040039 0.030769
2 0.602539 0.613187 0.039062 0.030769
2 0.527344 0.613919 0.039062 0.030769
2 0.564453 0.613553 0.039062 0.030037
2 0.461914 0.614286 0.039062 0.030037
2 0.424805 0.614652 0.039062 0.030769
2 0.350586 0.615018 0.039062 0.030037
2 0.388184 0.615018 0.038086 0.030037
2 0.285645 0.615385 0.038086 0.030769
2 0.173828 0.616117 0.041016 0.030769
2 0.211426 0.616117 0.040039 0.030769
2 0.249023 0.615751 0.039062 0.030037
2 0.827148 0.641392 0.042969 0.031502
2 0.787109 0.642125 0.042969 0.031502
2 0.747559 0.642125 0.041992 0.031502
2 0.708984 0.642491 0.041016 0.030769
2 0.641113 0.643223 0.040039 0.030769
2 0.603516 0.643223 0.039062 0.030769
2 0.565430 0.643223 0.039062 0.030769
2 0.461914 0.643956 0.039062 0.030769
2 0.527832 0.643956 0.038086 0.030769
2 0.424316 0.643956 0.038086 0.030769
2 0.349609 0.644689 0.039062 0.030769
2 0.387207 0.644689 0.038086 0.030769
2 0.247559 0.645421 0.040039 0.030769
2 0.284180 0.645421 0.039062 0.030769
2 0.171387 0.646154 0.041992 0.030769
2 0.209961 0.645788 0.041016 0.030037
2 0.830078 0.672527 0.042969 0.032234
2 0.790039 0.672894 0.042969 0.031502
2 0.750488 0.672894 0.041992 0.031502
2 0.710938 0.672894 0.041016 0.031502
2 0.642578 0.673626 0.041016 0.031502
2 0.604004 0.673626 0.040039 0.031502
2 0.565918 0.673626 0.040039 0.031502
2 0.423828 0.674359 0.039062 0.031502
2 0.461426 0.674359 0.038086 0.031502
2 0.527832 0.673993 0.038086 0.030769
2 0.348633 0.674725 0.039062 0.030769
2 0.386719 0.674725 0.039062 0.030769
2 0.208008 0.675824 0.041016 0.031502
2 0.245605 0.675458 0.040039 0.030769
2 0.283203 0.675458 0.039062 0.030769
2 0.169434 0.676190 0.041992 0.030769
2 0.792969 0.704029 0.042969 0.032234
2 0.833008 0.704396 0.042969 0.032967
2 0.752930 0.704396 0.042969 0.031502
2 0.712891 0.704396 0.041016 0.031502
2 0.644043 0.704396 0.040039 0.031502
2 0.566895 0.704762 0.040039 0.032234
2 0.604980 0.704396 0.040039 0.031502
2 0.528320 0.704762 0.039062 0.032234
2 0.460938 0.705128 0.039062 0.031502
2 0.385742 0.705128 0.039062 0.031502
2 0.423828 0.705128 0.039062 0.031502
2 0.348145 0.705861 0.040039 0.031502
2 0.244629 0.705861 0.040039 0.031502
2 0.281250 0.705861 0.039062 0.031502
2 0.166504 0.706960 0.041992 0.032234
2 0.206055 0.706593 0.041016 0.031502
2 0.796387 0.736630 0.043945 0.032967
2 0.755371 0.736630 0.041992 0.032967
2 0.715332 0.736630 0.041992 0.032967
2 0.836914 0.736630 0.042969 0.032967
2 0.645508 0.736264 0.041016 0.032234
2 0.605957 0.736264 0.040039 0.032234
2 0.567383 0.736264 0.041016 0.032234
2 0.528320 0.736264 0.039062 0.032234
2 0.459473 0.736264 0.041992 0.032234
2 0.422852 0.736630 0.039062 0.031502
2 0.384766 0.736630 0.039062 0.031502
2 0.346680 0.736630 0.039062 0.031502
2 0.203613 0.737729 0.041992 0.032234
2 0.242676 0.737363 0.040039 0.031502
2 0.280273 0.737363 0.039062 0.031502
2 0.164062 0.738462 0.042969 0.032234
2 0.717285 0.769597 0.041992 0.034432
2 0.646973 0.768864 0.041992 0.032967
2 0.607422 0.768864 0.041016 0.032967
2 0.528809 0.768498 0.040039 0.032234
2 0.567871 0.768498 0.040039 0.032234
2 0.460449 0.768498 0.040039 0.032234
2 0.345215 0.768498 0.040039 0.032234
2 0.422363 0.768498 0.040039 0.032234
2 0.383789 0.768498 0.039062 0.032234
2 0.240723 0.768864 0.040039 0.032967
2 0.278809 0.768498 0.040039 0.032234
2 0.799316 0.769963 0.043945 0.033700
2 0.840332 0.769963 0.043945 0.033700
2 0.758301 0.769597 0.043945 0.032967
2 0.201660 0.769597 0.041992 0.032967
2 0.161621 0.769963 0.041992 0.032234
2 0.460449 0.801099 0.040039 0.032967
2 0.568848 0.801465 0.040039 0.033700
2 0.528809 0.801099 0.040039 0.032967
2 0.238770 0.800733 0.041992 0.032234
2 0.344238 0.800733 0.040039 0.032234
2 0.421387 0.800733 0.040039 0.032234
2 0.383301 0.800733 0.040039 0.032234
2 0.277344 0.800733 0.039062 0.032234
2 0.648926 0.802198 0.041992 0.033700
2 0.608398 0.801832 0.041016 0.032967
2 0.199219 0.801465 0.041016 0.032234
2 0.761230 0.802930 0.043945 0.033700
2 0.719727 0.802930 0.042969 0.033700
2 0.158203 0.802198 0.044922 0.032234
2 0.802734 0.803663 0.044922 0.033700
2 0.844238 0.803663 0.043945 0.033700
2 0.237305 0.833333 0.041016 0.032967
2 0.382324 0.833700 0.040039 0.033700
2 0.343262 0.833700 0.040039 0.033700
2 0.275879 0.833333 0.040039 0.032967
2 0.459473 0.834432 0.040039 0.033700
2 0.197754 0.834066 0.041992 0.032967
2 0.420898 0.834066 0.039062 0.032967
2 0.608887 0.835531 0.043945 0.034432
2 0.570312 0.835165 0.042969 0.033700
2 0.529785 0.835165 0.040039 0.033700
2 0.157227 0.835165 0.042969 0.033700
2 0.650391 0.836264 0.042969 0.034432
2 0.722168 0.836996 0.043945 0.034432
2 0.764160 0.837363 0.043945 0.035165
2 0.805664 0.837729 0.044922 0.034432
2 0.847656 0.838462 0.044922 0.034432
1 0.450195 0.334799 0.027344 0.020513
0 0.474609 0.335165 0.027344 0.019780
0 0.499023 0.335165 0.027344 0.019780
0 0.522461 0.335165 0.027344 0.019780
2 0.450195 0.352381 0.027344 0.020513
0 0.474609 0.352747 0.027344 0.019780
0 0.499023 0.352747 0.027344 0.019780
0 0.522461 0.352747 0.027344 0.019780
3 0.450195 0.370330 0.027344 0.019780
0 0.474609 0.370330 0.027344 0.019780
0 0.499023 0.370330 0.027344 0.019780
0 0.522461 0.370330 0.027344 0.019780
