2 0.791504 0.155678 0.040039 0.030037
2 0.826660 0.155678 0.038086 0.030037
2 0.755859 0.156410 0.039062 0.030037
2 0.720703 0.157143 0.039062 0.030037
2 0.685547 0.158974 0.039062 0.030769
2 0.649414 0.160073 0.039062 0.030037
2 0.614746 0.161538 0.038086 0.030037
2 0.579590 0.163004 0.038086 0.030037
2 0.544434 0.164469 0.038086 0.030037
2 0.510254 0.165201 0.038086 0.030037
2 0.793457 0.183883 0.040039 0.030769
2 0.828613 0.183150 0.038086 0.029304
2 0.757812 0.184982 0.039062 0.030037
2 0.721680 0.185714 0.039062 0.030037
2 0.686523 0.187179 0.039062 0.030037
2 0.650391 0.188645 0.039062 0.030037
2 0.615234 0.190110 0.039062 0.030037
2 0.580078 0.191575 0.039062 0.030037
2 0.545410 0.193040 0.038086 0.030037
2 0.510742 0.193773 0.037109 0.030037
2 0.830566 0.211355 0.040039 0.030037
2 0.794434 0.212088 0.040039 0.030037
2 0.758789 0.213187 0.039062 0.030769
2 0.722656 0.214286 0.039062 0.030037
2 0.687500 0.215385 0.039062 0.030769
2 0.651367 0.217216 0.039062 0.030037
2 0.616211 0.218315 0.039062 0.030769
2 0.581055 0.219780 0.039062 0.030769
2 0.545898 0.220879 0.039062 0.030037
2 0.511230 0.222344 0.038086 0.030037
2 0.833008 0.256777 0.039062 0.030037
2 0.796875 0.257875 0.039062 0.030769
2 0.760742 0.258608 0.039062 0.030769
2 0.724609 0.259707 0.039062 0.030037
2 0.689453 0.260806 0.039062 0.030769
2 0.653320 0.262271 0.039062 0.030769
2 0.618164 0.263370 0.039062 0.030037
2 0.582520 0.264835 0.038086 0.030037
2 0.547363 0.265934 0.038086 0.030769
2 0.512207 0.267399 0.038086 0.030769
2 0.839844 0.397802 0.041016 0.030769
2 0.800781 0.398535 0.041016 0.030769
2 0.762207 0.399267 0.040039 0.030769
2 0.724121 0.400000 0.040039 0.030769
2 0.657227 0.401465 0.039062 0.030769
2 0.619141 0.402564 0.039062 0.030037
2 0.581543 0.403663 0.040039 0.030769
2 0.543945 0.404396 0.039062 0.030769
2 0.478027 0.405861 0.038086 0.030769
2 0.440918 0.406593 0.038086 0.030769
2 0.403809 0.407692 0.038086 0.030037
2 0.366699 0.408791 0.038086 0.030769
2 0.303223 0.410256 0.038086 0.030769
2 0.266602 0.411355 0.037109 0.030037
2 0.229980 0.412088 0.038086 0.030037
2 0.192871 0.412454 0.038086 0.029304
2 0.841797 0.427473 0.041016 0.031502
2 0.802734 0.428571 0.041016 0.030769
2 0.763184 0.429304 0.040039 0.030769
2 0.725098 0.430037 0.040039 0.030769
2 0.657715 0.431502 0.040039 0.030769
2 0.620117 0.432234 0.039062 0.030769
2 0.582031 0.432967 0.039062 0.030769
2 0.543945 0.433700 0.039062 0.030769
2 0.478516 0.435165 0.039062 0.030769
2 0.441406 0.435897 0.039062 0.030769
2 0.404785 0.436996 0.038086 0.030037
2 0.367676 0.437729 0.038086 0.030037
2 0.303223 0.439194 0.038086 0.030037
2 0.267090 0.439927 0.038086 0.030037
2 0.229980 0.440659 0.038086 0.030037
2 0.192383 0.441026 0.039062 0.029304
2 0.843262 0.457143 0.041992 0.030769
2 0.803711 0.458242 0.041016 0.031502
2 0.764648 0.459341 0.041016 0.030769
2 0.726074 0.459707 0.040039 0.031502
2 0.658691 0.460806 0.040039 0.030769
2 0.621094 0.461538 0.039062 0.030769
2 0.583008 0.462271 0.039062 0.030769
2 0.543945 0.463004 0.041016 0.030769
2 0.479492 0.464469 0.039062 0.030769
2 0.441895 0.465201 0.038086 0.030769
2 0.404785 0.465934 0.038086 0.030769
2 0.367676 0.467033 0.038086 0.030037
2 0.303223 0.468132 0.038086 0.030769
2 0.267090 0.469231 0.038086 0.030037
2 0.191895 0.469963 0.040039 0.030037
2 0.229004 0.469963 0.040039 0.030037
2 0.845215 0.487179 0.041992 0.030769
2 0.805664 0.488278 0.041016 0.031502
2 0.766602 0.488645 0.041016 0.030769
2 0.727539 0.489377 0.041016 0.030769
2 0.659668 0.490842 0.040039 0.030769
2 0.622070 0.491575 0.039062 0.030769
2 0.583984 0.492308 0.039062 0.030769
2 0.545898 0.492674 0.039062 0.030037
2 0.479492 0.493773 0.039062 0.030769
2 0.442871 0.494505 0.038086 0.030769
2 0.405762 0.495238 0.038086 0.030769
2 0.368164 0.495971 0.039062 0.030769
2 0.303223 0.497436 0.038086 0.030769
2 0.267090 0.498168 0.038086 0.030769
2 0.229492 0.498535 0.039062 0.030037
2 0.191406 0.499267 0.039062 0.030037
2 0.846680 0.517216 0.041016 0.030769
2 0.807129 0.517949 0.041992 0.030769
2 0.767578 0.518681 0.041016 0.030769
2 0.729004 0.519048 0.040039 0.031502
2 0.661133 0.520513 0.039062 0.031502
2 0.623047 0.520879 0.039062 0.030769
2 0.584961 0.521612 0.039062 0.030769
2 0.546875 0.522344 0.039062 0.030769
2 0.480469 0.523810 0.039062 0.030769
2 0.443359 0.524176 0.039062 0.030037
2 0.369141 0.525275 0.039062 0.030769
2 0.405762 0.524908 0.038086 0.030037
2 0.303711 0.526740 0.037109 0.030769
2 0.267090 0.527473 0.038086 0.030769
2 0.190918 0.528205 0.040039 0.030769
2 0.230469 0.527839 0.041016 0.030037
2 0.848633 0.547619 0.041016 0.031502
2 0.809082 0.548352 0.041992 0.031502
2 0.769531 0.549084 0.041016 0.031502
2 0.730469 0.549451 0.041016 0.030769
2 0.662598 0.550549 0.040039 0.031502
2 0.624023 0.551282 0.039062 0.031502
2 0.585449 0.551648 0.040039 0.030769
2 0.547852 0.552381 0.039062 0.030769
2 0.481445 0.553114 0.039062 0.030769
2 0.443848 0.553846 0.038086 0.030769
2 0.406250 0.554579 0.039062 0.030769
2 0.369141 0.555311 0.039062 0.030769
2 0.304199 0.556044 0.038086 0.030769
2 0.266602 0.556777 0.039062 0.030769
2 0.190918 0.557875 0.040039 0.031502
2 0.228516 0.557509 0.039062 0.030769
2 0.850098 0.578388 0.040039 0.031502
2 0.811035 0.579121 0.041992 0.031502
2 0.770996 0.579121 0.041992 0.031502
2 0.731445 0.579853 0.041016 0.031502
2 0.663574 0.580586 0.040039 0.031502
2 0.625000 0.580952 0.039062 0.030769
2 0.586426 0.581685 0.040039 0.030769
2 0.548340 0.582418 0.040039 0.030769
2 0.481445 0.583150 0.039062 0.030769
2 0.444336 0.583883 0.039062 0.030769
2 0.369141 0.584615 0.039062 0.030769
2 0.406738 0.584615 0.038086 0.030769
2 0.266602 0.586081 0.039062 0.030769
2 0.304199 0.586081 0.038086 0.030769
2 0.228516 0.586813 0.039062 0.030769
2 0.189941 0.587546 0.040039 0.030769
2 0.851562 0.609158 0.041016 0.031502
2 0.812500 0.609890 0.041016 0.031502
2 0.772949 0.609890 0.041992 0.031502
2 0.733398 0.610623 0.041016 0.031502
2 0.664551 0.610989 0.040039 0.030769
2 0.626465 0.611355 0.040039 0.031502
2 0.587402 0.612088 0.040039 0.031502
2 0.549316 0.612454 0.040039 0.030769
2 0.482422 0.613187 0.039062 0.030769
2 0.444824 0.613919 0.038086 0.030769
2 0.407227 0.614286 0.039062 0.031502
2 0.369629 0.614652 0.038086 0.030769
2 0.303711 0.615751 0.039062 0.031502
2 0.266113 0.616117 0.038086 0.030769
2 0.228027 0.616850 0.040039 0.030769
2 0.188965 0.617949 0.040039 0.031502
2 0.853516 0.640293 0.041016 0.032234
2 0.774902 0.641026 0.041992 0.032234
2 0.814453 0.640659 0.041016 0.031502
2 0.734863 0.641392 0.041992 0.031502
2 0.666016 0.641392 0.041016 0.031502
2 0.627441 0.642125 0.040039 0.031502
2 0.588379 0.642125 0.040039 0.031502
2 0.549805 0.642857 0.039062 0.031502
2 0.483398 0.643590 0.039062 0.031502
2 0.445312 0.643956 0.039062 0.030769
2 0.407715 0.644322 0.038086 0.031502
2 0.370117 0.645055 0.039062 0.031502
2 0.303711 0.645788 0.039062 0.031502
2 0.265625 0.646520 0.039062 0.031502
2 0.227051 0.647253 0.040039 0.031502
2 0.188477 0.647985 0.041016 0.031502
2 0.815918 0.671795 0.041992 0.032234
2 0.855469 0.671795 0.041016 0.032234
2 0.776367 0.672527 0.041016 0.032234
2 0.736328 0.672527 0.041016 0.032234
2 0.666992 0.672527 0.041016 0.032234
2 0.589355 0.672894 0.040039 0.031502
2 0.628418 0.672894 0.040039 0.031502
2 0.551270 0.673626 0.040039 0.031502
2 0.483887 0.674359 0.040039 0.031502
2 0.445801 0.674359 0.038086 0.031502
2 0.370117 0.675092 0.039062 0.031502
2 0.408203 0.674725 0.039062 0.030769
2 0.304688 0.676190 0.041016 0.032234
2 0.265137 0.676923 0.040039 0.032234
2 0.227051 0.677656 0.040039 0.032234
2 0.187500 0.678755 0.041016 0.032967
2 0.856934 0.702930 0.040039 0.032967
2 0.817383 0.703297 0.041016 0.032234
2 0.738281 0.704029 0.041016 0.032234
2 0.778320 0.704029 0.041016 0.032234
2 0.668457 0.703663 0.040039 0.031502
2 0.590820 0.703663 0.041016 0.031502
2 0.629395 0.703663 0.040039 0.031502
2 0.551758 0.704396 0.039062 0.031502
2 0.446289 0.705128 0.039062 0.031502
2 0.484375 0.704762 0.039062 0.030769
2 0.408203 0.705128 0.039062 0.031502
2 0.369629 0.705861 0.040039 0.031502
2 0.303711 0.706593 0.039062 0.031502
2 0.265137 0.707692 0.040039 0.032234
2 0.226074 0.708425 0.040039 0.032234
2 0.186523 0.709524 0.041016 0.032967
2 0.858398 0.734432 0.039062 0.032967
2 0.819336 0.735165 0.041016 0.032967
2 0.630859 0.734799 0.041016 0.032234
2 0.779785 0.735531 0.041992 0.032234
2 0.739746 0.735531 0.041992 0.032234
2 0.669922 0.735165 0.041016 0.031502
2 0.591309 0.735165 0.040039 0.031502
2 0.552246 0.735531 0.040039 0.032234
2 0.484863 0.735897 0.040039 0.031502
2 0.447266 0.735897 0.039062 0.031502
2 0.370117 0.736996 0.039062 0.032234
2 0.409180 0.736630 0.039062 0.031502
2 0.264648 0.738462 0.039062 0.032234
2 0.303223 0.738095 0.040039 0.031502
2 0.226074 0.739560 0.040039 0.032967
2 0.186035 0.741026 0.041992 0.032967
2 0.858887 0.765934 0.038086 0.032967
2 0.631836 0.766300 0.041016 0.032234
2 0.592773 0.766300 0.041016 0.032234
2 0.670898 0.767033 0.041016 0.032234
2 0.781250 0.767399 0.041016 0.032967
2 0.821289 0.767033 0.041016 0.032234
2 0.553223 0.767033 0.040039 0.032234
2 0.447266 0.767033 0.039062 0.032234
2 0.742188 0.767766 0.042969 0.032234
2 0.370605 0.768132 0.040039 0.032967
2 0.485840 0.767399 0.040039 0.031502
2 0.409180 0.767399 0.039062 0.031502
2 0.303711 0.769231 0.042969 0.032234
2 0.264160 0.769963 0.040039 0.032234
2 0.225098 0.771062 0.040039 0.032967
2 0.185547 0.772894 0.041016 0.033700
2 0.859863 0.796703 0.038086 0.032967
2 0.632812 0.798168 0.041016 0.032967
2 0.593750 0.797802 0.041016 0.032234
2 0.672852 0.798901 0.041016 0.032967
2 0.554199 0.798535 0.040039 0.032234
2 0.821777 0.798535 0.040039 0.032234
2 0.447754 0.798535 0.040039 0.032234
2 0.783203 0.799634 0.041016 0.032967
2 0.370605 0.799267 0.040039 0.032234
2 0.487305 0.799267 0.041016 0.032234
2 0.409668 0.798901 0.040039 0.031502
2 0.743652 0.800000 0.041992 0.032234
2 0.302734 0.800733 0.039062 0.032234
2 0.264160 0.801465 0.040039 0.032234
2 0.224609 0.802564 0.041016 0.032967
2 0.184570 0.804396 0.041016 0.033700
2 0.859863 0.827473 0.038086 0.032967
2 0.823242 0.830037 0.039062 0.033700
2 0.634766 0.830769 0.041016 0.033700
2 0.594727 0.830037 0.041016 0.032234
2 0.556152 0.830403 0.041992 0.032967
2 0.486816 0.831136 0.040039 0.032967
2 0.409668 0.830769 0.040039 0.032234
2 0.370605 0.831136 0.040039 0.032967
2 0.448242 0.830769 0.039062 0.032234
2 0.674316 0.831868 0.041992 0.032967
2 0.784668 0.831868 0.040039 0.032967
2 0.744629 0.832601 0.041992 0.032967
2 0.302246 0.832601 0.040039 0.032967
2 0.263184 0.833333 0.040039 0.032967
2 0.223633 0.834432 0.041016 0.033700
2 0.183594 0.836996 0.041016 0.034432
1 0.462402 0.317582 0.028320 0.021245
0 0.487793 0.316850 0.028320 0.021245
0 0.513672 0.316117 0.029297 0.021245
0 0.539062 0.315385 0.029297 0.021245
2 0.463379 0.336630 0.028320 0.021245
0 0.488281 0.335897 0.029297 0.021245
0 0.514160 0.335165 0.028320 0.021245
0 0.539551 0.334432 0.028320 0.021245
3 0.463379 0.355678 0.028320 0.021245
0 0.488770 0.354945 0.028320 0.021245
0 0.514648 0.354212 0.029297 0.021245
0 0.540039 0.353480 0.029297 0.021245
