2 0.862793 0.156044 0.041992 0.033700
2 0.822754 0.157143 0.041992 0.032967
2 0.783691 0.157875 0.041992 0.032967
2 0.744141 0.158242 0.042969 0.033700
2 0.704590 0.158974 0.041992 0.033700
2 0.665527 0.159341 0.041992 0.032967
2 0.626465 0.159707 0.041992 0.033700
2 0.586914 0.160440 0.041016 0.033700
2 0.509277 0.160806 0.041992 0.032967
2 0.547852 0.160806 0.041016 0.032967
2 0.863281 0.189011 0.042969 0.033700
2 0.823730 0.189377 0.041992 0.032967
2 0.783691 0.190110 0.041992 0.032967
2 0.744629 0.190476 0.041992 0.033700
2 0.704590 0.191575 0.041992 0.032967
2 0.665527 0.192308 0.041992 0.032967
2 0.626465 0.192674 0.041992 0.033700
2 0.586914 0.193040 0.041016 0.032967
2 0.509277 0.193407 0.041992 0.033700
2 0.548340 0.193773 0.041992 0.032967
2 0.862793 0.221245 0.043945 0.033700
2 0.823730 0.222344 0.041992 0.032967
2 0.784180 0.222344 0.041016 0.032967
2 0.744629 0.223077 0.041992 0.032967
2 0.705566 0.223810 0.041992 0.032967
2 0.665527 0.224542 0.041992 0.032967
2 0.626465 0.225275 0.041992 0.032967
2 0.548340 0.226007 0.041992 0.032967
2 0.509277 0.226007 0.041992 0.032967
2 0.587402 0.225641 0.041992 0.032234
2 0.863770 0.273260 0.041992 0.033700
2 0.823730 0.273993 0.041992 0.033700
2 0.745605 0.274359 0.041992 0.032967
2 0.784668 0.274359 0.041992 0.032967
2 0.705566 0.275092 0.041992 0.032967
2 0.666504 0.275824 0.041992 0.032967
2 0.627441 0.276190 0.041992 0.033700
2 0.548828 0.277289 0.041016 0.032967
2 0.509766 0.277289 0.041016 0.032967
2 0.587891 0.276923 0.041016 0.032234
2 0.866211 0.430403 0.044922 0.032967
2 0.824219 0.431136 0.042969 0.032967
2 0.782715 0.431136 0.041992 0.032967
2 0.667480 0.431868 0.041992 0.032967
2 0.740723 0.431502 0.041992 0.032234
2 0.625488 0.432601 0.041992 0.032967
2 0.584473 0.432601 0.041992 0.032967
2 0.542480 0.433333 0.041992 0.032967
2 0.469238 0.433333 0.041992 0.032967
2 0.144043 0.434432 0.043945 0.033700
2 0.428223 0.434066 0.041992 0.032967
2 0.386230 0.434066 0.041992 0.032967
2 0.187500 0.434799 0.042969 0.032967
2 0.229980 0.434799 0.041992 0.032967
2 0.271973 0.434799 0.041992 0.032967
2 0.345215 0.434432 0.041992 0.032234
2 0.867676 0.463370 0.043945 0.032967
2 0.782715 0.464103 0.041992 0.032967
2 0.825195 0.464103 0.042969 0.032967
2 0.740723 0.464103 0.041992 0.032967
2 0.667969 0.464835 0.042969 0.032967
2 0.626465 0.464835 0.041992 0.032967
2 0.584473 0.465568 0.041992 0.032967
2 0.542480 0.465568 0.041992 0.032967
2 0.470215 0.466300 0.041992 0.032967
2 0.428223 0.466300 0.041992 0.032967
2 0.143555 0.467399 0.044922 0.033700
2 0.345215 0.467033 0.041992 0.032967
2 0.386719 0.467033 0.041016 0.032967
2 0.187500 0.467766 0.042969 0.032967
2 0.229980 0.467766 0.041992 0.032967
2 0.271973 0.467399 0.041992 0.032234
2 0.868652 0.496337 0.043945 0.032967
2 0.825684 0.496703 0.043945 0.033700
2 0.741699 0.497070 0.041992 0.032967
2 0.783691 0.497070 0.041992 0.032967
2 0.626465 0.497802 0.041992 0.032967
2 0.668457 0.497802 0.041992 0.032967
2 0.543457 0.498535 0.041992 0.032967
2 0.584473 0.498535 0.041992 0.032967
2 0.469727 0.499267 0.042969 0.032967
2 0.428223 0.499267 0.041992 0.032967
2 0.387207 0.499634 0.041992 0.033700
2 0.143066 0.500366 0.045898 0.033700
2 0.346680 0.500000 0.044922 0.032967
2 0.271484 0.500000 0.042969 0.032967
2 0.185059 0.500733 0.045898 0.032967
2 0.229492 0.500733 0.042969 0.032967
2 0.869629 0.529304 0.043945 0.032967
2 0.826660 0.529670 0.043945 0.033700
2 0.784180 0.529670 0.042969 0.033700
2 0.742188 0.530037 0.042969 0.032967
2 0.668945 0.530403 0.042969 0.033700
2 0.626953 0.530769 0.042969 0.032967
2 0.585449 0.531136 0.041992 0.033700
2 0.543457 0.531502 0.041992 0.032967
2 0.470215 0.531868 0.041992 0.033700
2 0.345215 0.532601 0.041992 0.033700
2 0.387207 0.532234 0.041992 0.032967
2 0.428223 0.532234 0.041992 0.032967
2 0.229492 0.533333 0.042969 0.033700
2 0.271484 0.532967 0.042969 0.032967
2 0.142578 0.534066 0.044922 0.033700
2 0.186035 0.533700 0.043945 0.032967
2 0.870605 0.562271 0.043945 0.032967
2 0.827637 0.562637 0.043945 0.033700
2 0.785156 0.563004 0.042969 0.032967
2 0.669434 0.563370 0.041992 0.033700
2 0.743164 0.563004 0.042969 0.032967
2 0.627441 0.563736 0.041992 0.032967
2 0.585449 0.564103 0.041992 0.033700
2 0.469727 0.564469 0.042969 0.032967
2 0.543457 0.564469 0.041992 0.032967
2 0.386230 0.565201 0.043945 0.032967
2 0.344727 0.565934 0.042969 0.034432
2 0.428223 0.565201 0.041992 0.032967
2 0.270508 0.566300 0.042969 0.033700
2 0.141602 0.567033 0.044922 0.033700
2 0.186035 0.567033 0.043945 0.033700
2 0.228516 0.566667 0.042969 0.032967
2 0.871582 0.595971 0.043945 0.032967
2 0.828613 0.595971 0.043945 0.032967
2 0.786133 0.595971 0.042969 0.032967
2 0.743652 0.596337 0.041992 0.033700
2 0.627441 0.597070 0.043945 0.033700
2 0.669434 0.596703 0.043945 0.032967
2 0.585938 0.597070 0.042969 0.033700
2 0.470703 0.597802 0.042969 0.033700
2 0.544434 0.597436 0.041992 0.032967
2 0.386719 0.598535 0.042969 0.033700
2 0.429199 0.598168 0.041992 0.032967
2 0.270508 0.599634 0.042969 0.034432
2 0.344727 0.598901 0.042969 0.032967
2 0.185059 0.600366 0.043945 0.034432
2 0.227539 0.600000 0.044922 0.033700
2 0.140625 0.601099 0.044922 0.034432
2 0.829590 0.629304 0.043945 0.033700
2 0.872559 0.629304 0.043945 0.033700
2 0.787109 0.629304 0.042969 0.033700
2 0.744629 0.629304 0.041992 0.033700
2 0.670898 0.630037 0.042969 0.033700
2 0.628906 0.630037 0.042969 0.033700
2 0.544434 0.630769 0.041992 0.033700
2 0.586426 0.630403 0.041992 0.032967
2 0.386719 0.631502 0.042969 0.033700
2 0.429199 0.631502 0.041992 0.033700
2 0.470703 0.631502 0.042969 0.033700
2 0.344238 0.632234 0.041992 0.033700
2 0.270508 0.632967 0.042969 0.033700
2 0.184082 0.634066 0.043945 0.034432
2 0.227539 0.633700 0.042969 0.033700
2 0.139648 0.635165 0.044922 0.035165
2 0.874512 0.663004 0.043945 0.033700
2 0.831055 0.663004 0.044922 0.033700
2 0.788086 0.663004 0.042969 0.033700
2 0.745605 0.663004 0.043945 0.033700
2 0.628906 0.663736 0.042969 0.033700
2 0.586914 0.663736 0.042969 0.033700
2 0.671387 0.663736 0.041992 0.033700
2 0.472168 0.664835 0.045898 0.034432
2 0.544922 0.664469 0.042969 0.033700
2 0.429199 0.665201 0.041992 0.033700
2 0.386230 0.665568 0.043945 0.034432
2 0.345703 0.665934 0.046875 0.033700
2 0.269531 0.666667 0.042969 0.033700
2 0.183105 0.668132 0.043945 0.035165
2 0.226562 0.667399 0.042969 0.033700
2 0.138672 0.669597 0.044922 0.035165
2 0.831055 0.697070 0.046875 0.034432
2 0.789551 0.697070 0.043945 0.034432
2 0.875000 0.696703 0.044922 0.033700
2 0.747559 0.697070 0.043945 0.034432
2 0.546875 0.697802 0.044922 0.034432
2 0.629883 0.697436 0.042969 0.033700
2 0.587891 0.697802 0.042969 0.034432
2 0.671875 0.697436 0.042969 0.033700
2 0.471191 0.698535 0.041992 0.034432
2 0.428711 0.699267 0.042969 0.034432
2 0.385742 0.699267 0.042969 0.034432
2 0.343750 0.700000 0.042969 0.034432
2 0.268555 0.700733 0.042969 0.034432
2 0.226074 0.701465 0.043945 0.034432
2 0.182129 0.702564 0.043945 0.035165
2 0.137695 0.703663 0.044922 0.035897
2 0.877441 0.731136 0.043945 0.035165
2 0.834961 0.731502 0.044922 0.034432
2 0.791504 0.731502 0.043945 0.034432
2 0.748535 0.731502 0.043945 0.034432
2 0.672852 0.731502 0.044922 0.034432
2 0.630859 0.731502 0.042969 0.034432
2 0.587891 0.731868 0.042969 0.035165
2 0.545898 0.732234 0.042969 0.034432
2 0.428711 0.733333 0.042969 0.035165
2 0.471680 0.732967 0.042969 0.034432
2 0.385742 0.733700 0.042969 0.034432
2 0.342773 0.734799 0.042969 0.035165
2 0.267578 0.735531 0.042969 0.035165
2 0.225098 0.735897 0.043945 0.034432
2 0.181641 0.736996 0.044922 0.035165
2 0.136719 0.738828 0.044922 0.035897
2 0.836914 0.766300 0.044922 0.035165
2 0.675293 0.766300 0.043945 0.035165
2 0.793457 0.766300 0.043945 0.035165
2 0.750488 0.766300 0.043945 0.035165
2 0.632324 0.766300 0.043945 0.035165
2 0.879883 0.765934 0.044922 0.034432
2 0.546875 0.767033 0.042969 0.035165
2 0.588867 0.767033 0.042969 0.035165
2 0.428711 0.767766 0.042969 0.035165
2 0.471680 0.767766 0.042969 0.035165
2 0.385742 0.768498 0.042969 0.035165
2 0.342285 0.769231 0.043945 0.035165
2 0.267090 0.769963 0.043945 0.035165
2 0.224121 0.770696 0.043945 0.035165
2 0.180664 0.771795 0.044922 0.035897
2 0.135254 0.773260 0.045898 0.035897
2 0.882812 0.801465 0.044922 0.035165
2 0.839355 0.801465 0.045898 0.035165
2 0.796387 0.801832 0.045898 0.035897
2 0.676758 0.802198 0.044922 0.035165
2 0.633301 0.802198 0.043945 0.035165
2 0.752930 0.802198 0.044922 0.035165
2 0.590332 0.802198 0.043945 0.035165
2 0.546875 0.802564 0.044922 0.035897
2 0.470703 0.803297 0.044922 0.035897
2 0.428711 0.803663 0.042969 0.035165
2 0.385254 0.804029 0.043945 0.035897
2 0.342285 0.804762 0.043945 0.035897
2 0.223145 0.805861 0.043945 0.035165
2 0.266113 0.805861 0.043945 0.035165
2 0.179688 0.806960 0.044922 0.035897
2 0.134277 0.808791 0.045898 0.036630
2 0.842285 0.837729 0.045898 0.035897
2 0.886230 0.837729 0.045898 0.035897
2 0.798828 0.838095 0.044922 0.036630
2 0.678711 0.838828 0.044922 0.036630
2 0.634766 0.838462 0.044922 0.035897
2 0.591309 0.838462 0.043945 0.035897
2 0.548828 0.838828 0.044922 0.036630
2 0.755371 0.838462 0.043945 0.035897
2 0.471680 0.839194 0.042969 0.035897
2 0.428711 0.839194 0.042969 0.035897
2 0.384766 0.839927 0.044922 0.035897
2 0.341309 0.840659 0.043945 0.035897
2 0.265137 0.841392 0.043945 0.035897
2 0.222168 0.841392 0.043945 0.035897
2 0.178223 0.842125 0.043945 0.035897
2 0.133789 0.843956 0.044922 0.036630
2 0.889160 0.873993 0.045898 0.036630
2 0.845703 0.874725 0.046875 0.036630
2 0.802246 0.874725 0.045898 0.036630
2 0.680664 0.875458 0.044922 0.036630
2 0.636719 0.875458 0.044922 0.036630
2 0.757812 0.875092 0.044922 0.035897
2 0.592285 0.875092 0.043945 0.035897
2 0.548340 0.875458 0.043945 0.036630
2 0.471680 0.876190 0.042969 0.036630
2 0.428223 0.876190 0.043945 0.036630
2 0.384277 0.876190 0.043945 0.036630
2 0.340820 0.876557 0.044922 0.035897
2 0.264160 0.877289 0.043945 0.035897
2 0.221191 0.877289 0.043945 0.035897
2 0.177734 0.878022 0.044922 0.035897
2 0.132812 0.879121 0.044922 0.036630
2 0.849121 0.911722 0.045898 0.037363
2 0.893066 0.911355 0.045898 0.036630
2 0.805176 0.912454 0.045898 0.037363
2 0.760254 0.912454 0.045898 0.037363
2 0.637695 0.912454 0.044922 0.037363
2 0.593262 0.912454 0.043945 0.037363
2 0.682129 0.912821 0.045898 0.036630
2 0.549316 0.913187 0.043945 0.037363
2 0.428223 0.913553 0.043945 0.036630
2 0.472168 0.913553 0.043945 0.036630
2 0.339355 0.913553 0.045898 0.036630
2 0.384277 0.913553 0.043945 0.036630
2 0.176758 0.913553 0.044922 0.036630
2 0.220215 0.913187 0.043945 0.035897
2 0.263184 0.913919 0.043945 0.035897
2 0.132324 0.915018 0.045898 0.036630
1 0.453613 0.333700 0.030273 0.022711
0 0.481934 0.333700 0.030273 0.022711
0 0.510742 0.333700 0.031250 0.022711
0 0.539062 0.333333 0.031250 0.023443
2 0.454102 0.355311 0.031250 0.023443
0 0.482422 0.355311 0.031250 0.023443
0 0.511230 0.354945 0.030273 0.022711
0 0.539062 0.354579 0.031250 0.023443
3 0.454102 0.377289 0.031250 0.023443
0 0.482422 0.376923 0.031250 0.022711
0 0.511230 0.376557 0.030273 0.023443
0 0.539062 0.376190 0.031250 0.022711
