2 0.836914 0.195238 0.037109 0.028571
2 0.799316 0.196337 0.036133 0.029304
2 0.762207 0.196703 0.036133 0.028571
2 0.725098 0.197436 0.036133 0.028571
2 0.687988 0.198168 0.036133 0.028571
2 0.651367 0.198901 0.035156 0.028571
2 0.614746 0.199267 0.036133 0.027839
2 0.578125 0.199634 0.035156 0.028571
2 0.505859 0.199634 0.035156 0.028571
2 0.541992 0.200000 0.035156 0.027839
2 0.836914 0.225641 0.037109 0.029304
2 0.799316 0.226740 0.036133 0.028571
2 0.762207 0.227473 0.036133 0.028571
2 0.725098 0.228205 0.036133 0.028571
2 0.650391 0.228938 0.037109 0.028571
2 0.687988 0.228571 0.036133 0.027839
2 0.614746 0.229670 0.036133 0.028571
2 0.505859 0.229670 0.035156 0.028571
2 0.577637 0.230037 0.036133 0.027839
2 0.541992 0.230037 0.035156 0.027839
2 0.836914 0.256410 0.037109 0.029304
2 0.799316 0.257509 0.036133 0.028571
2 0.762207 0.257875 0.036133 0.027839
2 0.725098 0.258242 0.036133 0.028571
2 0.688477 0.258608 0.035156 0.027839
2 0.614746 0.259341 0.036133 0.027839
2 0.651367 0.259341 0.035156 0.027839
2 0.505859 0.259707 0.035156 0.028571
2 0.541992 0.260073 0.035156 0.027839
2 0.578125 0.260073 0.035156 0.027839
2 0.836914 0.304762 0.037109 0.029304
2 0.799316 0.305128 0.036133 0.028571
2 0.762207 0.305861 0.036133 0.028571
2 0.725098 0.306227 0.036133 0.027839
2 0.688477 0.306227 0.035156 0.027839
2 0.614746 0.306960 0.036133 0.027839
2 0.651855 0.306960 0.036133 0.027839
2 0.505371 0.307326 0.036133 0.028571
2 0.578125 0.306960 0.035156 0.027839
2 0.541992 0.307692 0.035156 0.027839
2 0.761230 0.451648 0.036133 0.028571
2 0.722168 0.451648 0.036133 0.028571
2 0.800781 0.451648 0.037109 0.028571
2 0.840332 0.451282 0.038086 0.027839
2 0.652832 0.451648 0.036133 0.028571
2 0.160156 0.452381 0.039062 0.028571
2 0.535645 0.452381 0.038086 0.028571
2 0.573730 0.452381 0.036133 0.028571
2 0.613770 0.452015 0.036133 0.027839
2 0.200195 0.452747 0.037109 0.027839
2 0.427246 0.452747 0.036133 0.027839
2 0.466309 0.452747 0.036133 0.027839
2 0.388184 0.452747 0.036133 0.027839
2 0.279785 0.452747 0.036133 0.027839
2 0.348633 0.452747 0.037109 0.027839
2 0.240234 0.452747 0.037109 0.027839
2 0.842285 0.481685 0.038086 0.028571
2 0.801758 0.482418 0.037109 0.028571
2 0.762207 0.482418 0.036133 0.028571
2 0.722656 0.482418 0.037109 0.028571
2 0.653320 0.482418 0.037109 0.028571
2 0.158203 0.483150 0.039062 0.028571
2 0.199219 0.483150 0.037109 0.028571
2 0.466309 0.483150 0.036133 0.028571
2 0.348145 0.483150 0.036133 0.028571
2 0.613770 0.482784 0.036133 0.027839
2 0.534668 0.483150 0.036133 0.028571
2 0.278320 0.483150 0.037109 0.028571
2 0.574707 0.483150 0.036133 0.028571
2 0.426758 0.483516 0.037109 0.027839
2 0.239258 0.483516 0.037109 0.027839
2 0.387207 0.483516 0.036133 0.027839
2 0.843750 0.512821 0.039062 0.029304
2 0.803223 0.513187 0.038086 0.028571
2 0.723633 0.513187 0.037109 0.028571
2 0.762695 0.513187 0.037109 0.028571
2 0.157227 0.514286 0.039062 0.029304
2 0.574707 0.513919 0.036133 0.028571
2 0.614258 0.513919 0.037109 0.028571
2 0.466309 0.513919 0.036133 0.028571
2 0.535156 0.513919 0.037109 0.028571
2 0.653809 0.513553 0.036133 0.027839
2 0.426758 0.513919 0.037109 0.028571
2 0.198242 0.514652 0.037109 0.028571
2 0.238281 0.514652 0.037109 0.028571
2 0.387207 0.514286 0.036133 0.027839
2 0.347656 0.514286 0.037109 0.027839
2 0.278320 0.514652 0.037109 0.028571
2 0.845703 0.543956 0.039062 0.028571
2 0.804688 0.544322 0.039062 0.029304
2 0.654297 0.544689 0.037109 0.028571
2 0.763672 0.544689 0.037109 0.028571
2 0.614258 0.544689 0.037109 0.028571
2 0.724609 0.544689 0.037109 0.028571
2 0.574707 0.544689 0.036133 0.028571
2 0.386719 0.545055 0.037109 0.029304
2 0.535645 0.544689 0.036133 0.028571
2 0.426270 0.545055 0.036133 0.029304
2 0.465820 0.545055 0.037109 0.029304
2 0.155762 0.545421 0.040039 0.028571
2 0.196777 0.545788 0.038086 0.029304
2 0.237305 0.545421 0.037109 0.028571
2 0.346680 0.545421 0.037109 0.028571
2 0.277344 0.545421 0.037109 0.028571
2 0.805664 0.575824 0.039062 0.029304
2 0.847656 0.575824 0.039062 0.029304
2 0.765137 0.575824 0.038086 0.029304
2 0.725098 0.575824 0.038086 0.029304
2 0.425781 0.576190 0.037109 0.028571
2 0.385742 0.576557 0.037109 0.029304
2 0.346191 0.576557 0.038086 0.029304
2 0.655273 0.576190 0.037109 0.028571
2 0.615234 0.576190 0.037109 0.028571
2 0.465820 0.576190 0.037109 0.028571
2 0.535645 0.576190 0.036133 0.028571
2 0.574707 0.576190 0.036133 0.028571
2 0.153809 0.577289 0.040039 0.029304
2 0.195801 0.577289 0.038086 0.029304
2 0.236328 0.576923 0.037109 0.028571
2 0.276367 0.576923 0.037109 0.028571
2 0.850586 0.607692 0.042969 0.030037
2 0.807617 0.607692 0.039062 0.030037
2 0.766113 0.607692 0.038086 0.030037
2 0.726074 0.607692 0.038086 0.030037
2 0.425781 0.608059 0.037109 0.029304
2 0.464844 0.608059 0.037109 0.029304
2 0.615234 0.607692 0.037109 0.028571
2 0.535645 0.608059 0.036133 0.029304
2 0.385254 0.608059 0.036133 0.029304
2 0.345703 0.608059 0.037109 0.029304
2 0.655273 0.607692 0.037109 0.028571
2 0.575195 0.608059 0.037109 0.029304
2 0.152344 0.609158 0.039062 0.030037
2 0.194336 0.608791 0.039062 0.029304
2 0.235352 0.608791 0.037109 0.029304
2 0.275391 0.608791 0.037109 0.029304
2 0.851562 0.639927 0.041016 0.030037
2 0.809082 0.639927 0.040039 0.030037
2 0.768066 0.639560 0.038086 0.029304
2 0.727539 0.639560 0.039062 0.029304
2 0.656250 0.639560 0.037109 0.029304
2 0.424805 0.639927 0.037109 0.030037
2 0.616211 0.639560 0.037109 0.029304
2 0.535156 0.639560 0.037109 0.029304
2 0.575684 0.639560 0.036133 0.029304
2 0.464844 0.639927 0.037109 0.030037
2 0.344727 0.640293 0.037109 0.029304
2 0.384766 0.640293 0.037109 0.029304
2 0.233887 0.640659 0.038086 0.030037
2 0.274414 0.640293 0.037109 0.029304
2 0.150879 0.641392 0.040039 0.030037
2 0.192383 0.641026 0.039062 0.029304
2 0.811035 0.672161 0.040039 0.030037
2 0.466309 0.672161 0.040039 0.030037
2 0.769043 0.672161 0.038086 0.030037
2 0.424805 0.672161 0.037109 0.030037
2 0.616211 0.671795 0.037109 0.029304
2 0.728027 0.672161 0.038086 0.030037
2 0.656738 0.671795 0.038086 0.029304
2 0.536133 0.672161 0.037109 0.030037
2 0.576172 0.671795 0.037109 0.029304
2 0.853516 0.672894 0.041016 0.030037
2 0.232910 0.672894 0.038086 0.030037
2 0.272949 0.672894 0.038086 0.030037
2 0.343750 0.672527 0.037109 0.029304
2 0.384277 0.672527 0.038086 0.029304
2 0.148926 0.673993 0.040039 0.030769
2 0.191406 0.673626 0.039062 0.030037
2 0.770508 0.704762 0.039062 0.030769
2 0.576172 0.704396 0.037109 0.030037
2 0.536133 0.704396 0.037109 0.030037
2 0.729492 0.704396 0.039062 0.030037
2 0.657715 0.704396 0.038086 0.030037
2 0.617188 0.704396 0.037109 0.030037
2 0.812988 0.705495 0.040039 0.030769
2 0.464844 0.705128 0.037109 0.030037
2 0.343262 0.705128 0.038086 0.030037
2 0.383789 0.705128 0.037109 0.030037
2 0.424316 0.705128 0.038086 0.030037
2 0.271973 0.705495 0.038086 0.030769
2 0.855957 0.706227 0.041992 0.030769
2 0.188477 0.706227 0.041016 0.030769
2 0.230957 0.705861 0.038086 0.030037
2 0.146973 0.707326 0.040039 0.031502
2 0.617676 0.736996 0.038086 0.030769
2 0.729980 0.737729 0.040039 0.030769
2 0.772461 0.738095 0.039062 0.031502
2 0.536133 0.737729 0.037109 0.030769
2 0.658691 0.737363 0.038086 0.030037
2 0.576660 0.737363 0.038086 0.030037
2 0.814941 0.738828 0.040039 0.031502
2 0.423828 0.738462 0.037109 0.030769
2 0.342285 0.738462 0.038086 0.030769
2 0.270996 0.738462 0.038086 0.030769
2 0.229980 0.738462 0.038086 0.030769
2 0.464844 0.738462 0.037109 0.030769
2 0.382812 0.738462 0.037109 0.030769
2 0.857910 0.739927 0.041992 0.032234
2 0.187988 0.739560 0.040039 0.031502
2 0.145508 0.740659 0.041016 0.032234
2 0.659668 0.770696 0.038086 0.030769
2 0.577148 0.770696 0.037109 0.030769
2 0.617676 0.770696 0.038086 0.030769
2 0.536133 0.771062 0.037109 0.031502
2 0.773926 0.771795 0.040039 0.031502
2 0.464355 0.771795 0.038086 0.031502
2 0.731934 0.771429 0.038086 0.030769
2 0.341309 0.771795 0.038086 0.031502
2 0.382324 0.771429 0.038086 0.030769
2 0.816406 0.772527 0.041016 0.031502
2 0.423340 0.772161 0.038086 0.030769
2 0.228516 0.772161 0.039062 0.030769
2 0.269043 0.772161 0.038086 0.030769
2 0.860352 0.773993 0.041016 0.032967
2 0.186523 0.773260 0.039062 0.031502
2 0.143555 0.774359 0.041016 0.032234
2 0.618652 0.804396 0.038086 0.030769
2 0.577148 0.804396 0.039062 0.030769
2 0.660156 0.804762 0.039062 0.031502
2 0.733398 0.805495 0.039062 0.031502
2 0.536621 0.805495 0.038086 0.031502
2 0.466309 0.806227 0.041992 0.031502
2 0.775879 0.806227 0.040039 0.031502
2 0.340332 0.806227 0.038086 0.031502
2 0.381348 0.805861 0.038086 0.030769
2 0.423340 0.806227 0.038086 0.031502
2 0.226562 0.806227 0.039062 0.031502
2 0.268066 0.806227 0.038086 0.031502
2 0.818359 0.807326 0.041016 0.032234
2 0.185059 0.806960 0.040039 0.031502
2 0.862793 0.808791 0.041992 0.033700
2 0.141602 0.808425 0.041016 0.032967
2 0.619629 0.838462 0.038086 0.031502
2 0.577637 0.838828 0.038086 0.032234
2 0.661621 0.839194 0.040039 0.031502
2 0.537109 0.839560 0.037109 0.032234
2 0.776855 0.840293 0.040039 0.032234
2 0.734863 0.839927 0.040039 0.031502
2 0.380859 0.839927 0.039062 0.031502
2 0.183105 0.841026 0.040039 0.032234
2 0.464355 0.840659 0.038086 0.031502
2 0.338867 0.840659 0.039062 0.031502
2 0.422852 0.840659 0.039062 0.031502
2 0.225098 0.840293 0.038086 0.030769
2 0.266602 0.840659 0.039062 0.031502
2 0.820312 0.842125 0.041016 0.032967
2 0.139648 0.842857 0.041016 0.032967
2 0.864746 0.843956 0.041992 0.033700
2 0.620117 0.872894 0.039062 0.031502
2 0.578613 0.873260 0.038086 0.032234
2 0.662109 0.873626 0.039062 0.031502
2 0.737305 0.874359 0.041016 0.031502
2 0.537109 0.874725 0.037109 0.032234
2 0.223633 0.874359 0.039062 0.031502
2 0.778809 0.875458 0.040039 0.032234
2 0.380859 0.875092 0.039062 0.031502
2 0.337891 0.875092 0.039062 0.031502
2 0.422363 0.875092 0.038086 0.031502
2 0.181641 0.875458 0.039062 0.032234
2 0.463867 0.875458 0.039062 0.032234
2 0.265137 0.875092 0.038086 0.031502
2 0.823730 0.876923 0.043945 0.033700
2 0.138184 0.877289 0.040039 0.032967
2 0.867188 0.879487 0.042969 0.034432
2 0.663086 0.908425 0.039062 0.032234
2 0.621094 0.908059 0.039062 0.031502
2 0.579102 0.908425 0.039062 0.032234
2 0.537598 0.909524 0.038086 0.032967
2 0.177734 0.910256 0.044922 0.032967
2 0.780273 0.910623 0.041016 0.033700
2 0.737305 0.909524 0.039062 0.031502
2 0.263672 0.910256 0.039062 0.032967
2 0.222656 0.909524 0.039062 0.031502
2 0.336914 0.910623 0.039062 0.032234
2 0.463379 0.910989 0.038086 0.032967
2 0.421875 0.910623 0.039062 0.032234
2 0.378906 0.910623 0.039062 0.032234
2 0.824219 0.912454 0.041016 0.034432
2 0.135254 0.912088 0.043945 0.033700
2 0.868652 0.915751 0.041992 0.035165
1 0.452148 0.358974 0.025391 0.019048
0 0.478516 0.358974 0.025391 0.019048
0 0.505859 0.358974 0.025391 0.019048
0 0.532227 0.358974 0.025391 0.019048
2 0.452148 0.379487 0.025391 0.019048
0 0.478516 0.379487 0.025391 0.019048
0 0.505859 0.379487 0.025391 0.019048
0 0.532227 0.379487 0.025391 0.019048
3 0.452148 0.399634 0.025391 0.018315
0 0.478516 0.400000 0.025391 0.019048
0 0.505859 0.399634 0.025391 0.018315
0 0.532227 0.399267 0.025391 0.019048
