2 0.869629 0.173626 0.038086 0.030769
2 0.831055 0.175824 0.037109 0.029304
2 0.792969 0.177289 0.037109 0.029304
2 0.755371 0.178755 0.036133 0.029304
2 0.718262 0.179487 0.036133 0.029304
2 0.681152 0.180952 0.036133 0.029304
2 0.644043 0.181685 0.036133 0.029304
2 0.607422 0.182784 0.035156 0.028571
2 0.571289 0.183516 0.035156 0.028571
2 0.534668 0.184249 0.036133 0.028571
2 0.869629 0.204396 0.038086 0.030769
2 0.831055 0.206227 0.037109 0.030037
2 0.792969 0.208059 0.037109 0.029304
2 0.755371 0.209524 0.036133 0.029304
2 0.717773 0.210623 0.035156 0.028571
2 0.681152 0.211722 0.036133 0.029304
2 0.644043 0.212454 0.036133 0.029304
2 0.607422 0.213553 0.035156 0.028571
2 0.570312 0.214286 0.037109 0.028571
2 0.535645 0.215018 0.036133 0.028571
2 0.869629 0.235165 0.038086 0.030769
2 0.831055 0.237363 0.037109 0.029304
2 0.792969 0.238828 0.037109 0.029304
2 0.755371 0.240293 0.036133 0.029304
2 0.717773 0.241392 0.035156 0.028571
2 0.681152 0.242125 0.036133 0.028571
2 0.644043 0.242857 0.036133 0.028571
2 0.607422 0.243590 0.035156 0.028571
2 0.571289 0.244689 0.035156 0.027839
2 0.535156 0.245055 0.035156 0.028571
2 0.869629 0.284249 0.038086 0.030769
2 0.831055 0.286081 0.037109 0.030037
2 0.792969 0.287912 0.037109 0.029304
2 0.754395 0.289011 0.038086 0.028571
2 0.717773 0.289744 0.035156 0.028571
2 0.681152 0.290476 0.036133 0.028571
2 0.644043 0.291209 0.036133 0.028571
2 0.607422 0.291941 0.035156 0.028571
2 0.571289 0.292674 0.035156 0.028571
2 0.535156 0.293040 0.035156 0.027839
2 0.870605 0.433700 0.038086 0.029304
2 0.829590 0.434432 0.038086 0.029304
2 0.789062 0.435531 0.037109 0.028571
2 0.749023 0.435897 0.037109 0.027839
2 0.680664 0.436630 0.037109 0.027839
2 0.641113 0.436996 0.036133 0.028571
2 0.602539 0.437363 0.035156 0.027839
2 0.563965 0.437363 0.036133 0.027839
2 0.497070 0.438095 0.035156 0.027839
2 0.459961 0.438095 0.035156 0.027839
2 0.421875 0.438828 0.035156 0.027839
2 0.383789 0.438828 0.035156 0.027839
2 0.243164 0.439560 0.035156 0.027839
2 0.204102 0.439560 0.037109 0.027839
2 0.281250 0.439560 0.035156 0.027839
2 0.318359 0.439560 0.035156 0.027839
2 0.871094 0.464469 0.039062 0.029304
2 0.830078 0.465568 0.039062 0.028571
2 0.789062 0.465934 0.037109 0.027839
2 0.749023 0.466300 0.037109 0.028571
2 0.680176 0.467033 0.036133 0.028571
2 0.641113 0.467399 0.036133 0.027839
2 0.602539 0.467399 0.035156 0.027839
2 0.564453 0.467399 0.035156 0.027839
2 0.459961 0.468132 0.035156 0.027839
2 0.497559 0.468132 0.034180 0.027839
2 0.203613 0.468864 0.036133 0.027839
2 0.421875 0.468864 0.035156 0.027839
2 0.384277 0.468864 0.034180 0.027839
2 0.242676 0.469231 0.036133 0.027106
2 0.281250 0.469231 0.035156 0.027106
2 0.318359 0.469231 0.035156 0.027106
2 0.871582 0.495971 0.038086 0.029304
2 0.830078 0.496337 0.037109 0.028571
2 0.789062 0.496703 0.037109 0.027839
2 0.749512 0.497070 0.036133 0.028571
2 0.680664 0.497436 0.037109 0.027839
2 0.641113 0.497436 0.036133 0.027839
2 0.603027 0.497436 0.036133 0.027839
2 0.498047 0.498168 0.035156 0.027839
2 0.459961 0.498168 0.035156 0.027839
2 0.564941 0.498168 0.036133 0.027839
2 0.203613 0.498901 0.036133 0.027839
2 0.317383 0.498901 0.037109 0.027839
2 0.384766 0.498535 0.035156 0.027106
2 0.421875 0.498535 0.035156 0.027106
2 0.242188 0.499267 0.035156 0.027106
2 0.280762 0.499267 0.034180 0.027106
2 0.872070 0.527473 0.039062 0.029304
2 0.830566 0.527106 0.038086 0.028571
2 0.789551 0.527473 0.036133 0.027839
2 0.749512 0.527473 0.036133 0.027839
2 0.680664 0.527473 0.037109 0.027839
2 0.641113 0.527839 0.036133 0.028571
2 0.603027 0.527839 0.036133 0.028571
2 0.459961 0.528205 0.035156 0.027839
2 0.498047 0.528205 0.035156 0.027839
2 0.564453 0.528205 0.035156 0.027839
2 0.422363 0.528205 0.034180 0.027839
2 0.384766 0.528205 0.035156 0.027839
2 0.203125 0.528938 0.037109 0.027839
2 0.241699 0.528938 0.036133 0.027839
2 0.280273 0.528938 0.035156 0.027839
2 0.318359 0.528938 0.035156 0.027839
2 0.872559 0.558974 0.038086 0.029304
2 0.830566 0.558608 0.038086 0.028571
2 0.790039 0.558242 0.037109 0.027839
2 0.750000 0.558242 0.037109 0.027839
2 0.680176 0.558242 0.036133 0.027839
2 0.498047 0.558242 0.035156 0.027839
2 0.459961 0.558242 0.035156 0.027839
2 0.641602 0.558242 0.035156 0.027839
2 0.603027 0.558242 0.036133 0.027839
2 0.564453 0.558242 0.035156 0.027839
2 0.422363 0.558242 0.034180 0.027839
2 0.384277 0.558242 0.036133 0.027839
2 0.241211 0.558974 0.037109 0.027839
2 0.280273 0.558608 0.035156 0.027106
2 0.318359 0.558608 0.035156 0.027106
2 0.202637 0.559707 0.036133 0.027839
2 0.642090 0.588278 0.036133 0.027839
2 0.681152 0.588645 0.036133 0.028571
2 0.603516 0.588278 0.035156 0.027839
2 0.498047 0.588278 0.035156 0.027839
2 0.564941 0.588278 0.036133 0.027839
2 0.384277 0.588278 0.036133 0.027839
2 0.459961 0.588278 0.035156 0.027839
2 0.422363 0.588278 0.034180 0.027839
2 0.318359 0.588278 0.035156 0.027839
2 0.831543 0.589744 0.038086 0.029304
2 0.790039 0.589377 0.037109 0.028571
2 0.750488 0.589011 0.038086 0.027839
2 0.241699 0.589377 0.036133 0.028571
2 0.279297 0.589011 0.037109 0.027839
2 0.873047 0.590476 0.039062 0.029304
2 0.202148 0.589744 0.037109 0.027839
2 0.642090 0.618681 0.036133 0.028571
2 0.603516 0.618315 0.035156 0.027839
2 0.385254 0.618315 0.036133 0.027839
2 0.564941 0.618315 0.036133 0.027839
2 0.498047 0.618315 0.035156 0.027839
2 0.279785 0.618681 0.036133 0.028571
2 0.318359 0.618315 0.035156 0.027839
2 0.459961 0.618315 0.035156 0.027839
2 0.422363 0.618315 0.034180 0.027839
2 0.750977 0.619414 0.039062 0.028571
2 0.681152 0.619048 0.036133 0.027839
2 0.240723 0.619414 0.036133 0.028571
2 0.790527 0.620513 0.038086 0.029304
2 0.201660 0.620147 0.036133 0.028571
2 0.831543 0.621245 0.038086 0.029304
2 0.874023 0.622344 0.039062 0.030037
2 0.279785 0.648718 0.036133 0.028571
2 0.384766 0.648352 0.035156 0.027839
2 0.420410 0.648352 0.038086 0.027839
2 0.603516 0.648718 0.035156 0.028571
2 0.564941 0.648718 0.036133 0.028571
2 0.498047 0.648352 0.035156 0.027839
2 0.318359 0.648352 0.035156 0.027839
2 0.459961 0.648352 0.035156 0.027839
2 0.240723 0.649817 0.036133 0.029304
2 0.681152 0.649451 0.036133 0.028571
2 0.642090 0.649084 0.036133 0.027839
2 0.750977 0.650549 0.037109 0.029304
2 0.791016 0.651282 0.037109 0.029304
2 0.201172 0.651282 0.037109 0.029304
2 0.832520 0.652381 0.038086 0.030037
2 0.874023 0.654212 0.039062 0.030769
2 0.384766 0.678388 0.035156 0.027839
2 0.459961 0.678388 0.035156 0.027839
2 0.422852 0.678388 0.035156 0.027839
2 0.498047 0.678755 0.035156 0.028571
2 0.317383 0.678755 0.035156 0.028571
2 0.643555 0.679487 0.037109 0.028571
2 0.602539 0.679121 0.037109 0.027839
2 0.279297 0.679487 0.035156 0.028571
2 0.565430 0.679121 0.035156 0.027839
2 0.240234 0.680586 0.037109 0.029304
2 0.683105 0.680220 0.040039 0.028571
2 0.750977 0.681319 0.037109 0.029304
2 0.199707 0.681685 0.038086 0.030037
2 0.791504 0.682784 0.038086 0.029304
2 0.832520 0.684615 0.038086 0.030037
2 0.875000 0.686447 0.039062 0.030769
2 0.384766 0.708791 0.035156 0.028571
2 0.460938 0.708425 0.035156 0.027839
2 0.499023 0.708791 0.035156 0.028571
2 0.422852 0.708425 0.035156 0.027839
2 0.278809 0.709890 0.036133 0.029304
2 0.604004 0.709524 0.036133 0.028571
2 0.565430 0.709524 0.035156 0.028571
2 0.317383 0.709158 0.035156 0.027839
2 0.682129 0.710623 0.036133 0.029304
2 0.643066 0.710256 0.036133 0.028571
2 0.239746 0.711355 0.036133 0.029304
2 0.199219 0.713187 0.039062 0.030037
2 0.751953 0.712821 0.037109 0.029304
2 0.791992 0.714286 0.037109 0.030769
2 0.833496 0.716117 0.038086 0.031502
2 0.875977 0.718315 0.039062 0.031502
2 0.384766 0.738828 0.035156 0.028571
2 0.460938 0.738828 0.035156 0.028571
2 0.422852 0.738828 0.035156 0.028571
2 0.317383 0.739560 0.035156 0.028571
2 0.499023 0.739560 0.035156 0.028571
2 0.643066 0.740659 0.036133 0.029304
2 0.278809 0.740659 0.036133 0.029304
2 0.604980 0.740293 0.038086 0.028571
2 0.565918 0.739927 0.036133 0.027839
2 0.682129 0.741392 0.036133 0.029304
2 0.239746 0.742491 0.038086 0.030037
2 0.751953 0.743956 0.037109 0.030037
2 0.199219 0.745421 0.037109 0.032967
2 0.792969 0.745788 0.037109 0.030769
2 0.833984 0.748352 0.039062 0.031502
2 0.876465 0.750916 0.040039 0.030769
2 0.460938 0.769597 0.035156 0.028571
2 0.384277 0.769597 0.036133 0.028571
2 0.422852 0.769231 0.035156 0.027839
2 0.316895 0.770330 0.036133 0.028571
2 0.500000 0.770330 0.037109 0.028571
2 0.277832 0.771795 0.036133 0.030037
2 0.603027 0.771062 0.038086 0.028571
2 0.565430 0.770696 0.035156 0.027839
2 0.644531 0.771795 0.039062 0.028571
2 0.238281 0.773626 0.037109 0.030769
2 0.682617 0.772894 0.037109 0.029304
2 0.752441 0.775458 0.038086 0.030037
2 0.199219 0.776923 0.039062 0.031502
2 0.793457 0.778022 0.038086 0.030769
2 0.834961 0.780586 0.039062 0.031502
2 0.876953 0.783150 0.039062 0.030769
2 0.422852 0.799634 0.035156 0.028571
2 0.384277 0.800366 0.036133 0.028571
2 0.460938 0.800366 0.035156 0.028571
2 0.316406 0.801465 0.035156 0.029304
2 0.499023 0.801099 0.035156 0.028571
2 0.277832 0.802564 0.036133 0.030037
2 0.604980 0.801832 0.036133 0.028571
2 0.565918 0.801832 0.036133 0.028571
2 0.644043 0.802930 0.036133 0.029304
2 0.683105 0.804029 0.036133 0.030037
2 0.238281 0.805128 0.037109 0.030769
2 0.753418 0.807326 0.038086 0.030769
2 0.198242 0.808791 0.037109 0.032234
2 0.793945 0.809890 0.037109 0.031502
2 0.835449 0.812821 0.038086 0.031502
2 0.877441 0.814652 0.038086 0.030769
2 0.422852 0.830403 0.035156 0.028571
2 0.459961 0.831136 0.037109 0.028571
2 0.384277 0.831136 0.036133 0.028571
2 0.499023 0.831868 0.035156 0.028571
2 0.604980 0.832601 0.036133 0.028571
2 0.566406 0.832601 0.035156 0.028571
2 0.315918 0.832601 0.036133 0.028571
2 0.276855 0.834066 0.036133 0.030037
2 0.644043 0.833700 0.036133 0.029304
2 0.683594 0.835531 0.037109 0.030037
2 0.237305 0.836996 0.037109 0.031502
2 0.753418 0.838828 0.038086 0.030769
2 0.197266 0.840659 0.037109 0.032967
2 0.793945 0.842125 0.039062 0.031502
2 0.835938 0.844689 0.039062 0.030769
2 0.878906 0.846154 0.041016 0.029304
2 0.422852 0.861172 0.035156 0.028571
2 0.460938 0.861905 0.035156 0.028571
2 0.383789 0.861905 0.035156 0.028571
2 0.499512 0.863004 0.036133 0.029304
2 0.314453 0.863736 0.039062 0.029304
2 0.605469 0.863736 0.037109 0.029304
2 0.566406 0.863736 0.035156 0.029304
2 0.644043 0.864835 0.036133 0.030037
2 0.276367 0.865934 0.037109 0.030769
2 0.684082 0.866667 0.036133 0.030769
2 0.237305 0.868864 0.037109 0.032234
2 0.753906 0.870696 0.037109 0.031502
2 0.197266 0.873260 0.037109 0.033700
2 0.794922 0.873626 0.037109 0.031502
2 0.836426 0.876557 0.038086 0.030037
2 0.877930 0.877656 0.039062 0.029304
1 0.483398 0.345788 0.025391 0.019048
0 0.509277 0.345055 0.024414 0.019048
0 0.535645 0.345055 0.024414 0.019048
0 0.561523 0.345055 0.025391 0.019048
2 0.483398 0.365568 0.025391 0.019048
0 0.509277 0.365201 0.024414 0.018315
0 0.535645 0.364835 0.024414 0.019048
0 0.561523 0.364835 0.025391 0.019048
3 0.483398 0.385714 0.025391 0.018315
0 0.509277 0.385348 0.024414 0.019048
0 0.535645 0.385348 0.024414 0.019048
0 0.561523 0.384982 0.025391 0.018315
