3 0.800293 0.203297 0.038086 0.030037
3 0.765625 0.205861 0.037109 0.029304
3 0.731445 0.207326 0.037109 0.029304
3 0.697266 0.208425 0.037109 0.028571
3 0.664062 0.209158 0.037109 0.028571
3 0.630859 0.209890 0.037109 0.028571
3 0.597656 0.210256 0.037109 0.027839
3 0.563965 0.210989 0.036133 0.027839
3 0.530273 0.211355 0.037109 0.028571
3 0.497559 0.211722 0.036133 0.027839
3 0.801758 0.230037 0.039062 0.030769
3 0.766602 0.232601 0.037109 0.030037
3 0.732422 0.234432 0.037109 0.029304
3 0.698242 0.235531 0.037109 0.028571
3 0.665039 0.235897 0.037109 0.027839
3 0.630859 0.236264 0.037109 0.028571
3 0.597656 0.236996 0.037109 0.028571
3 0.564453 0.237363 0.037109 0.027839
3 0.531250 0.238095 0.037109 0.027839
3 0.497559 0.238462 0.036133 0.028571
3 0.802734 0.257143 0.039062 0.030769
3 0.768066 0.259707 0.038086 0.030037
3 0.733398 0.261172 0.037109 0.028571
3 0.698730 0.261905 0.038086 0.028571
3 0.666016 0.262637 0.037109 0.028571
3 0.631836 0.263004 0.037109 0.027839
3 0.598633 0.263736 0.037109 0.027839
3 0.564941 0.264103 0.036133 0.028571
3 0.531250 0.264835 0.037109 0.028571
3 0.498047 0.265201 0.037109 0.027839
3 0.804688 0.300733 0.039062 0.030037
3 0.769531 0.302930 0.039062 0.030037
3 0.734863 0.304762 0.038086 0.029304
3 0.700684 0.305128 0.038086 0.028571
3 0.666992 0.305495 0.037109 0.027839
3 0.633301 0.305861 0.038086 0.028571
3 0.599121 0.306593 0.038086 0.028571
3 0.564941 0.306960 0.038086 0.029304
3 0.532227 0.307326 0.037109 0.028571
3 0.498047 0.308059 0.037109 0.028571
3 0.811523 0.435165 0.041016 0.030769
3 0.773438 0.436996 0.039062 0.030037
3 0.736328 0.437729 0.039062 0.030037
3 0.699707 0.438095 0.038086 0.029304
3 0.636230 0.438828 0.038086 0.029304
3 0.599121 0.438828 0.038086 0.029304
3 0.562988 0.439560 0.038086 0.029304
3 0.427246 0.440293 0.038086 0.029304
3 0.463379 0.440293 0.038086 0.029304
3 0.526855 0.439927 0.038086 0.028571
3 0.390625 0.441026 0.037109 0.029304
3 0.354492 0.441758 0.039062 0.029304
3 0.292480 0.442491 0.038086 0.029304
3 0.184082 0.443223 0.038086 0.029304
3 0.220215 0.443223 0.038086 0.029304
3 0.256348 0.442857 0.038086 0.028571
3 0.812988 0.463736 0.040039 0.030769
3 0.774902 0.465201 0.040039 0.029304
3 0.737305 0.465934 0.039062 0.029304
3 0.700684 0.466667 0.038086 0.029304
3 0.637207 0.467033 0.038086 0.030037
3 0.600098 0.467399 0.038086 0.029304
3 0.527344 0.468132 0.037109 0.029304
3 0.563965 0.468132 0.038086 0.029304
3 0.427246 0.468864 0.038086 0.029304
3 0.390625 0.468864 0.037109 0.029304
3 0.463379 0.468498 0.038086 0.028571
3 0.354980 0.469597 0.038086 0.029304
3 0.291992 0.470330 0.037109 0.029304
3 0.255371 0.471062 0.038086 0.029304
3 0.219238 0.471062 0.038086 0.029304
3 0.183105 0.471795 0.038086 0.029304
3 0.814941 0.493040 0.040039 0.030769
3 0.776367 0.493773 0.039062 0.030769
3 0.739258 0.494505 0.039062 0.029304
3 0.701660 0.495238 0.038086 0.029304
3 0.637695 0.495604 0.039062 0.030037
3 0.601074 0.495971 0.038086 0.029304
3 0.563965 0.496337 0.038086 0.030037
3 0.527832 0.496703 0.038086 0.029304
3 0.427246 0.497070 0.038086 0.030037
3 0.462891 0.496703 0.039062 0.029304
3 0.390625 0.497436 0.037109 0.029304
3 0.354492 0.498168 0.037109 0.029304
3 0.291504 0.498901 0.038086 0.029304
3 0.255371 0.499267 0.038086 0.030037
3 0.182129 0.499634 0.038086 0.029304
3 0.218750 0.499634 0.039062 0.029304
3 0.816406 0.521612 0.041016 0.030769
3 0.778320 0.522711 0.041016 0.030037
3 0.739746 0.523443 0.040039 0.030037
3 0.638672 0.524176 0.039062 0.030037
3 0.703125 0.523810 0.039062 0.029304
3 0.564941 0.524908 0.038086 0.030037
3 0.601562 0.524542 0.039062 0.029304
3 0.427246 0.525641 0.038086 0.030037
3 0.463867 0.525641 0.037109 0.030037
3 0.527832 0.525275 0.038086 0.029304
3 0.390625 0.526374 0.037109 0.030037
3 0.354980 0.526740 0.038086 0.029304
3 0.254395 0.527839 0.038086 0.030037
3 0.290527 0.527473 0.038086 0.029304
3 0.217773 0.528205 0.039062 0.029304
3 0.181152 0.528571 0.038086 0.030037
3 0.818359 0.550916 0.041016 0.030769
3 0.779785 0.552015 0.040039 0.030037
3 0.741699 0.552015 0.040039 0.030037
3 0.704102 0.552747 0.039062 0.030037
3 0.602539 0.553480 0.039062 0.030037
3 0.639160 0.553114 0.038086 0.029304
3 0.565430 0.553480 0.039062 0.030037
3 0.528809 0.554212 0.038086 0.030037
3 0.464355 0.554212 0.038086 0.030037
3 0.427246 0.554579 0.038086 0.029304
3 0.390625 0.554945 0.037109 0.030037
3 0.354004 0.555678 0.038086 0.030037
3 0.253906 0.556410 0.039062 0.030037
3 0.290527 0.556410 0.038086 0.030037
3 0.216797 0.556777 0.039062 0.029304
3 0.179688 0.557143 0.039062 0.030037
3 0.820312 0.580952 0.041016 0.030769
3 0.780762 0.581319 0.040039 0.030037
3 0.743164 0.581685 0.039062 0.030769
3 0.706055 0.582051 0.039062 0.030037
3 0.640625 0.582051 0.039062 0.030037
3 0.603027 0.582784 0.038086 0.030037
3 0.565918 0.582784 0.038086 0.030037
3 0.528809 0.583150 0.038086 0.030769
3 0.464355 0.583516 0.038086 0.030037
3 0.427246 0.583883 0.038086 0.030769
3 0.354004 0.584615 0.038086 0.030769
3 0.390625 0.584249 0.037109 0.030037
3 0.289551 0.584982 0.038086 0.030037
3 0.252930 0.585714 0.039062 0.030037
3 0.215820 0.586081 0.039062 0.030769
3 0.179199 0.586447 0.038086 0.030037
3 0.782715 0.610989 0.040039 0.030769
3 0.821777 0.610989 0.041992 0.030769
3 0.744629 0.610989 0.040039 0.030769
3 0.641113 0.611722 0.040039 0.030769
3 0.707031 0.611355 0.039062 0.030037
3 0.604004 0.612088 0.038086 0.030037
3 0.566406 0.612454 0.039062 0.030769
3 0.529297 0.612454 0.039062 0.030769
3 0.426758 0.613187 0.039062 0.030769
3 0.464355 0.612821 0.038086 0.030037
3 0.390137 0.613553 0.038086 0.030037
3 0.354004 0.613919 0.038086 0.030769
3 0.289062 0.614652 0.039062 0.030769
3 0.214844 0.615385 0.039062 0.030769
3 0.251953 0.615018 0.039062 0.030037
3 0.177734 0.615385 0.039062 0.030769
3 0.823730 0.641026 0.041992 0.030769
3 0.784668 0.641026 0.040039 0.030769
3 0.746582 0.641026 0.040039 0.030769
3 0.708496 0.641026 0.040039 0.030769
3 0.604492 0.641758 0.039062 0.030769
3 0.642578 0.641758 0.039062 0.030769
3 0.567383 0.641758 0.039062 0.030769
3 0.463379 0.642491 0.040039 0.030769
3 0.529785 0.642491 0.038086 0.030769
3 0.426758 0.643223 0.039062 0.030769
3 0.389648 0.643223 0.039062 0.030769
3 0.353027 0.643590 0.038086 0.030037
3 0.288574 0.643956 0.038086 0.030769
3 0.250977 0.644689 0.039062 0.030769
3 0.213867 0.644689 0.039062 0.030769
3 0.176758 0.645421 0.039062 0.030769
3 0.825684 0.671429 0.041992 0.031502
3 0.786133 0.671429 0.041016 0.031502
3 0.747559 0.671062 0.040039 0.030769
3 0.709961 0.671429 0.039062 0.031502
3 0.605469 0.671795 0.039062 0.030769
3 0.643555 0.671795 0.039062 0.030769
3 0.568848 0.671795 0.040039 0.030769
3 0.530273 0.672527 0.039062 0.030769
3 0.464355 0.672894 0.038086 0.031502
3 0.426758 0.673260 0.039062 0.030769
3 0.352539 0.673626 0.039062 0.031502
3 0.390625 0.673260 0.039062 0.030769
3 0.287598 0.673993 0.038086 0.030769
3 0.250000 0.674359 0.039062 0.031502
3 0.212891 0.674725 0.039062 0.030769
3 0.175781 0.675458 0.039062 0.030769
3 0.827637 0.702564 0.041992 0.032234
3 0.788086 0.702198 0.041016 0.031502
3 0.606445 0.702198 0.039062 0.031502
3 0.644531 0.702198 0.039062 0.031502
3 0.749512 0.701832 0.040039 0.030769
3 0.711426 0.702198 0.040039 0.031502
3 0.568359 0.702198 0.039062 0.031502
3 0.464355 0.702930 0.038086 0.031502
3 0.530762 0.702564 0.038086 0.030769
3 0.426758 0.703663 0.039062 0.031502
3 0.352051 0.703663 0.038086 0.031502
3 0.389160 0.703663 0.038086 0.031502
3 0.287109 0.704396 0.039062 0.031502
3 0.211426 0.705128 0.040039 0.031502
3 0.249023 0.704762 0.039062 0.030769
3 0.173828 0.705861 0.039062 0.031502
3 0.830078 0.733700 0.042969 0.032967
3 0.790039 0.732967 0.041016 0.031502
3 0.750977 0.732967 0.041016 0.031502
3 0.646484 0.732967 0.041016 0.031502
3 0.607422 0.732967 0.039062 0.031502
3 0.569336 0.732967 0.039062 0.031502
3 0.712891 0.732967 0.039062 0.031502
3 0.531250 0.733333 0.039062 0.032234
3 0.464844 0.734066 0.039062 0.032234
3 0.426758 0.734432 0.039062 0.031502
3 0.351562 0.734432 0.039062 0.031502
3 0.388672 0.734432 0.039062 0.031502
3 0.285156 0.735165 0.039062 0.031502
3 0.248047 0.735165 0.039062 0.031502
3 0.209961 0.735897 0.039062 0.031502
3 0.173340 0.735897 0.041992 0.031502
3 0.752930 0.764103 0.041016 0.032234
3 0.791992 0.764835 0.041016 0.032234
3 0.608398 0.764469 0.039062 0.031502
3 0.646973 0.764469 0.040039 0.031502
3 0.714355 0.764469 0.040039 0.031502
3 0.569824 0.764469 0.040039 0.031502
3 0.531738 0.764469 0.040039 0.031502
3 0.832520 0.765568 0.041992 0.032234
3 0.464844 0.765568 0.039062 0.032234
3 0.388672 0.765568 0.039062 0.032234
3 0.426758 0.765934 0.039062 0.031502
3 0.284180 0.766300 0.039062 0.032234
3 0.351562 0.765934 0.039062 0.031502
3 0.246582 0.766667 0.040039 0.031502
3 0.208496 0.767033 0.040039 0.032234
3 0.170898 0.767399 0.039062 0.031502
3 0.754883 0.795971 0.041016 0.032967
3 0.793945 0.796337 0.041016 0.032234
3 0.647949 0.796337 0.040039 0.032234
3 0.609375 0.796337 0.041016 0.032234
3 0.716309 0.796337 0.040039 0.032234
3 0.532227 0.796337 0.039062 0.032234
3 0.570801 0.795971 0.040039 0.031502
3 0.834473 0.797436 0.041992 0.032967
3 0.465332 0.797070 0.040039 0.032234
3 0.350586 0.797070 0.039062 0.032234
3 0.388672 0.797070 0.039062 0.032234
3 0.426270 0.797802 0.040039 0.032234
3 0.283203 0.797802 0.039062 0.032234
3 0.245605 0.797802 0.040039 0.032234
3 0.207520 0.798535 0.040039 0.032234
3 0.169434 0.798535 0.040039 0.032234
3 0.756836 0.828205 0.041016 0.032967
3 0.796387 0.828205 0.041992 0.032967
3 0.571777 0.827839 0.040039 0.032234
3 0.717773 0.828205 0.041016 0.032967
3 0.532715 0.828205 0.040039 0.032967
3 0.836426 0.829304 0.041992 0.033700
3 0.649414 0.828571 0.041016 0.032234
3 0.610352 0.828571 0.041016 0.032234
3 0.426270 0.829304 0.040039 0.032234
3 0.464844 0.829304 0.039062 0.032234
3 0.350098 0.829304 0.040039 0.032234
3 0.388184 0.829304 0.040039 0.032234
3 0.282227 0.830037 0.039062 0.032234
3 0.167480 0.830037 0.041992 0.032234
3 0.206543 0.830037 0.040039 0.032234
3 0.244141 0.830037 0.039062 0.032234
3 0.572754 0.860073 0.040039 0.033700
3 0.758789 0.860440 0.041016 0.032967
3 0.798340 0.860806 0.041992 0.033700
3 0.533691 0.860440 0.040039 0.032967
3 0.719727 0.860806 0.041016 0.033700
3 0.650391 0.861172 0.041016 0.032967
3 0.611328 0.861172 0.041016 0.032967
3 0.388184 0.861172 0.040039 0.032967
3 0.349121 0.861172 0.040039 0.032967
3 0.838867 0.862271 0.042969 0.033700
3 0.465332 0.861905 0.040039 0.032967
3 0.426270 0.861905 0.040039 0.032967
3 0.204590 0.861905 0.040039 0.032967
3 0.242676 0.861905 0.040039 0.032967
3 0.166504 0.861905 0.040039 0.032967
3 0.281250 0.862271 0.041016 0.032234
1 0.450195 0.355311 0.027344 0.020513
0 0.474609 0.355311 0.027344 0.020513
0 0.499023 0.355311 0.027344 0.020513
0 0.523926 0.354579 0.028320 0.020513
2 0.450195 0.373260 0.027344 0.019780
0 0.474609 0.373260 0.027344 0.019780
0 0.499023 0.373260 0.027344 0.019780
0 0.523926 0.372894 0.028320 0.020513
3 0.450195 0.391941 0.027344 0.020513
0 0.474609 0.391941 0.027344 0.020513
0 0.499512 0.391941 0.028320 0.020513
0 0.523926 0.391941 0.028320 0.020513
