3 0.775879 0.217582 0.038086 0.030769
3 0.742188 0.219414 0.037109 0.030037
3 0.708008 0.221612 0.037109 0.030037
3 0.674805 0.223077 0.037109 0.030037
3 0.641602 0.224176 0.037109 0.029304
3 0.608398 0.225641 0.037109 0.029304
3 0.575195 0.227106 0.037109 0.029304
3 0.542480 0.227839 0.036133 0.029304
3 0.509766 0.228938 0.037109 0.028571
3 0.477051 0.229670 0.036133 0.028571
3 0.776855 0.245788 0.038086 0.030037
3 0.743164 0.247619 0.037109 0.029304
3 0.708984 0.249084 0.037109 0.029304
3 0.675781 0.250549 0.037109 0.029304
3 0.642578 0.252015 0.037109 0.029304
3 0.609375 0.252747 0.037109 0.029304
3 0.576172 0.254212 0.037109 0.029304
3 0.510742 0.255311 0.037109 0.030037
3 0.543457 0.254945 0.036133 0.029304
3 0.478027 0.256777 0.036133 0.028571
3 0.777344 0.273626 0.037109 0.030037
3 0.743164 0.275092 0.037109 0.030037
3 0.709961 0.276557 0.037109 0.030037
3 0.676758 0.277656 0.037109 0.029304
3 0.643555 0.279121 0.037109 0.029304
3 0.610352 0.280220 0.037109 0.028571
3 0.577148 0.280952 0.037109 0.028571
3 0.544434 0.282051 0.036133 0.029304
3 0.511719 0.283150 0.037109 0.028571
3 0.478516 0.283516 0.037109 0.027839
3 0.778809 0.317949 0.038086 0.029304
3 0.745117 0.318681 0.037109 0.029304
3 0.711426 0.320147 0.038086 0.029304
3 0.677734 0.321245 0.037109 0.028571
3 0.644531 0.322344 0.037109 0.029304
3 0.611328 0.323077 0.037109 0.029304
3 0.578125 0.324176 0.037109 0.028571
3 0.545410 0.324908 0.036133 0.028571
3 0.512695 0.325641 0.037109 0.028571
3 0.479980 0.326007 0.036133 0.027839
3 0.786133 0.449084 0.039062 0.029304
3 0.749512 0.450549 0.038086 0.029304
3 0.713379 0.452015 0.038086 0.029304
3 0.677734 0.452381 0.037109 0.028571
3 0.615234 0.454212 0.037109 0.029304
3 0.580566 0.454945 0.038086 0.029304
3 0.544922 0.455678 0.037109 0.029304
3 0.509766 0.456410 0.037109 0.029304
3 0.448242 0.457509 0.037109 0.028571
3 0.413086 0.458242 0.037109 0.028571
3 0.377930 0.458974 0.037109 0.028571
3 0.343750 0.459707 0.037109 0.028571
3 0.281738 0.461172 0.036133 0.028571
3 0.247070 0.461905 0.037109 0.028571
3 0.211426 0.462271 0.036133 0.029304
3 0.175293 0.462637 0.038086 0.028571
3 0.788086 0.476923 0.039062 0.029304
3 0.750977 0.478388 0.039062 0.029304
3 0.714844 0.479121 0.039062 0.029304
3 0.679199 0.480220 0.038086 0.028571
3 0.616699 0.481685 0.038086 0.028571
3 0.581055 0.482784 0.037109 0.029304
3 0.545898 0.483516 0.037109 0.029304
3 0.510742 0.483883 0.037109 0.028571
3 0.448242 0.484982 0.037109 0.029304
3 0.413086 0.485714 0.037109 0.029304
3 0.377930 0.486447 0.037109 0.029304
3 0.343262 0.487546 0.036133 0.028571
3 0.281738 0.488645 0.036133 0.029304
3 0.247070 0.489377 0.037109 0.029304
3 0.211914 0.489744 0.037109 0.028571
3 0.175293 0.490476 0.038086 0.028571
3 0.790527 0.504762 0.040039 0.029304
3 0.752930 0.505861 0.039062 0.030037
3 0.716797 0.506960 0.039062 0.029304
3 0.680664 0.508059 0.037109 0.028571
3 0.617676 0.509158 0.038086 0.029304
3 0.582031 0.510256 0.037109 0.028571
3 0.546875 0.510989 0.037109 0.028571
3 0.511230 0.511722 0.038086 0.028571
3 0.449219 0.512821 0.037109 0.029304
3 0.413574 0.513553 0.038086 0.029304
3 0.378906 0.514286 0.037109 0.029304
3 0.343750 0.515018 0.037109 0.029304
3 0.282227 0.516484 0.037109 0.029304
3 0.246582 0.517216 0.038086 0.029304
3 0.175293 0.517949 0.038086 0.029304
3 0.210938 0.517582 0.037109 0.028571
3 0.792480 0.532967 0.040039 0.030037
3 0.754883 0.533700 0.039062 0.030037
3 0.718750 0.535165 0.039062 0.030037
3 0.682129 0.535897 0.038086 0.030037
3 0.618652 0.537363 0.038086 0.030037
3 0.583008 0.538095 0.037109 0.030037
3 0.547852 0.539194 0.037109 0.029304
3 0.512207 0.539927 0.038086 0.029304
3 0.450195 0.540659 0.037109 0.029304
3 0.414551 0.541392 0.038086 0.029304
3 0.379395 0.542125 0.036133 0.029304
3 0.343750 0.542857 0.037109 0.029304
3 0.282715 0.544322 0.036133 0.029304
3 0.210938 0.545421 0.037109 0.030037
3 0.247070 0.545055 0.037109 0.029304
3 0.174805 0.545788 0.039062 0.029304
3 0.794434 0.561538 0.040039 0.030037
3 0.757324 0.562271 0.040039 0.030037
3 0.720215 0.563370 0.040039 0.029304
3 0.683594 0.564469 0.039062 0.030037
3 0.620117 0.565568 0.039062 0.029304
3 0.583984 0.566300 0.037109 0.029304
3 0.548340 0.567033 0.038086 0.029304
3 0.512695 0.567766 0.037109 0.029304
3 0.450684 0.568498 0.038086 0.029304
3 0.415039 0.569231 0.037109 0.029304
3 0.379883 0.569963 0.037109 0.029304
3 0.344727 0.570696 0.037109 0.029304
3 0.283203 0.572161 0.041016 0.029304
3 0.247070 0.572894 0.037109 0.029304
3 0.210938 0.573626 0.037109 0.029304
3 0.174805 0.574359 0.039062 0.029304
3 0.796875 0.590476 0.041016 0.030769
3 0.759277 0.591209 0.040039 0.030769
3 0.721680 0.592308 0.039062 0.030037
3 0.685059 0.592674 0.038086 0.029304
3 0.621582 0.593773 0.038086 0.030037
3 0.585449 0.594505 0.038086 0.030037
3 0.549316 0.595238 0.038086 0.030037
3 0.513672 0.595971 0.037109 0.030037
3 0.451172 0.597070 0.037109 0.029304
3 0.415527 0.597802 0.038086 0.029304
3 0.379883 0.598168 0.037109 0.030037
3 0.344727 0.598901 0.037109 0.030037
3 0.282715 0.600000 0.036133 0.029304
3 0.247070 0.600733 0.037109 0.029304
3 0.210938 0.601465 0.037109 0.029304
3 0.174805 0.602564 0.039062 0.030037
3 0.799805 0.619780 0.041016 0.030769
3 0.761230 0.620147 0.040039 0.030037
3 0.724121 0.620879 0.040039 0.030037
3 0.686523 0.621612 0.039062 0.030037
3 0.622559 0.622344 0.038086 0.030037
3 0.586426 0.623077 0.038086 0.030037
3 0.550293 0.623810 0.038086 0.030037
3 0.514160 0.624176 0.038086 0.029304
3 0.451660 0.625275 0.038086 0.030037
3 0.416016 0.626007 0.037109 0.030037
3 0.380371 0.626374 0.036133 0.029304
3 0.344727 0.627106 0.037109 0.029304
3 0.247070 0.628938 0.037109 0.030037
3 0.282227 0.628571 0.037109 0.029304
3 0.210938 0.630037 0.037109 0.029304
3 0.174316 0.631136 0.040039 0.030037
3 0.801758 0.649817 0.041016 0.030769
3 0.764160 0.649817 0.041992 0.030769
3 0.726074 0.650183 0.040039 0.030037
3 0.688477 0.650916 0.039062 0.030037
3 0.624023 0.651648 0.039062 0.030037
3 0.587402 0.652015 0.038086 0.030769
3 0.551270 0.652381 0.038086 0.030037
3 0.515137 0.653114 0.038086 0.030037
3 0.453125 0.653846 0.039062 0.030037
3 0.416504 0.654579 0.038086 0.030037
3 0.380859 0.655311 0.037109 0.030037
3 0.345215 0.656044 0.038086 0.030037
3 0.282227 0.656777 0.037109 0.030037
3 0.247070 0.657509 0.037109 0.030037
3 0.210449 0.658242 0.038086 0.030037
3 0.173828 0.659707 0.039062 0.030037
3 0.804688 0.679853 0.041016 0.030769
3 0.766113 0.679853 0.040039 0.030769
3 0.728027 0.679853 0.040039 0.030769
3 0.690430 0.680586 0.039062 0.030769
3 0.625000 0.680952 0.039062 0.030037
3 0.588379 0.681319 0.038086 0.030769
3 0.552246 0.681685 0.038086 0.030037
3 0.515625 0.682051 0.039062 0.030769
3 0.416992 0.683150 0.037109 0.030037
3 0.452637 0.683150 0.038086 0.030037
3 0.380859 0.683883 0.037109 0.030037
3 0.344238 0.684615 0.038086 0.030037
3 0.246582 0.686447 0.038086 0.030769
3 0.283691 0.686081 0.040039 0.030037
3 0.210449 0.687179 0.038086 0.030769
3 0.172852 0.688645 0.039062 0.030769
3 0.807129 0.710256 0.041992 0.031502
3 0.768555 0.710256 0.041016 0.031502
3 0.729980 0.710256 0.040039 0.031502
3 0.691895 0.710623 0.040039 0.030769
3 0.626953 0.710623 0.039062 0.030769
3 0.589844 0.710623 0.039062 0.030769
3 0.553223 0.711355 0.038086 0.030769
3 0.516113 0.711355 0.038086 0.030769
3 0.453125 0.712088 0.037109 0.030769
3 0.416992 0.712454 0.037109 0.030037
3 0.380859 0.713187 0.037109 0.030037
3 0.345215 0.713553 0.038086 0.030769
3 0.282227 0.714652 0.037109 0.030037
3 0.246582 0.715385 0.038086 0.030037
3 0.209473 0.716484 0.038086 0.030769
3 0.172852 0.717949 0.039062 0.030769
3 0.810059 0.741392 0.041992 0.032234
3 0.770508 0.741026 0.041016 0.031502
3 0.732422 0.741026 0.041016 0.031502
3 0.693848 0.741026 0.040039 0.031502
3 0.627930 0.741026 0.039062 0.031502
3 0.590820 0.741026 0.039062 0.031502
3 0.517090 0.741392 0.038086 0.030769
3 0.554199 0.741392 0.038086 0.030769
3 0.416992 0.742125 0.037109 0.030769
3 0.453125 0.742125 0.037109 0.030769
3 0.380859 0.742857 0.037109 0.030769
3 0.345215 0.742857 0.038086 0.030769
3 0.282227 0.743956 0.037109 0.030037
3 0.246094 0.744689 0.037109 0.030037
3 0.209473 0.745788 0.038086 0.030769
3 0.171875 0.747619 0.039062 0.031502
3 0.734375 0.772161 0.041016 0.032234
3 0.696289 0.771795 0.041016 0.031502
3 0.629395 0.771795 0.040039 0.031502
3 0.591797 0.771795 0.039062 0.031502
3 0.554688 0.771795 0.039062 0.031502
3 0.518066 0.771795 0.038086 0.031502
3 0.812500 0.772894 0.042969 0.032234
3 0.773438 0.772527 0.041016 0.031502
3 0.417480 0.772161 0.038086 0.030769
3 0.453613 0.772161 0.038086 0.030769
3 0.345215 0.772894 0.038086 0.030769
3 0.380859 0.772527 0.037109 0.030037
3 0.246094 0.774359 0.037109 0.030769
3 0.282227 0.773993 0.037109 0.030037
3 0.209473 0.775458 0.038086 0.031502
3 0.171875 0.777289 0.039062 0.032234
3 0.592773 0.802930 0.039062 0.032234
3 0.518555 0.802564 0.039062 0.031502
3 0.555664 0.802564 0.039062 0.031502
3 0.417480 0.802564 0.038086 0.031502
3 0.454102 0.802564 0.037109 0.031502
3 0.736328 0.803663 0.041016 0.032234
3 0.775879 0.804029 0.041992 0.032967
3 0.697754 0.803663 0.040039 0.032234
3 0.630859 0.803297 0.039062 0.031502
3 0.380859 0.802930 0.037109 0.030769
3 0.344727 0.803297 0.037109 0.031502
3 0.815430 0.804762 0.042969 0.032967
3 0.245605 0.804029 0.038086 0.031502
3 0.282227 0.803663 0.037109 0.030769
3 0.208984 0.805128 0.039062 0.030769
3 0.170898 0.807326 0.039062 0.032234
3 0.417480 0.833700 0.038086 0.032234
3 0.381348 0.833333 0.038086 0.031502
3 0.594238 0.834432 0.040039 0.032234
3 0.519531 0.834066 0.039062 0.031502
3 0.556641 0.834066 0.039062 0.031502
3 0.454590 0.834066 0.038086 0.031502
3 0.245605 0.833700 0.038086 0.030769
3 0.344727 0.833700 0.037109 0.030769
3 0.281250 0.833700 0.037109 0.030769
3 0.700195 0.835165 0.041016 0.032234
3 0.632812 0.835165 0.041016 0.032234
3 0.208496 0.834799 0.038086 0.031502
3 0.778320 0.835897 0.041016 0.032234
3 0.739258 0.835897 0.041016 0.032234
3 0.817871 0.836996 0.041992 0.032967
3 0.170898 0.837363 0.039062 0.032234
3 0.281738 0.864103 0.038086 0.031502
3 0.245605 0.864103 0.038086 0.031502
3 0.417480 0.865201 0.038086 0.032234
3 0.208496 0.865201 0.038086 0.032234
3 0.380859 0.864835 0.037109 0.031502
3 0.344727 0.864469 0.037109 0.030769
3 0.595703 0.866300 0.039062 0.032967
3 0.557617 0.865934 0.039062 0.032234
3 0.520020 0.865568 0.040039 0.031502
3 0.454590 0.865934 0.038086 0.032234
3 0.633789 0.867033 0.041016 0.032967
3 0.702148 0.867766 0.041016 0.032967
3 0.170898 0.867766 0.041016 0.032967
3 0.741211 0.868498 0.041016 0.032967
3 0.780762 0.868498 0.041992 0.032967
3 0.820801 0.869231 0.041992 0.032967
1 0.433594 0.373626 0.027344 0.020513
0 0.457031 0.372894 0.027344 0.020513
0 0.481445 0.372894 0.027344 0.020513
0 0.504883 0.372161 0.027344 0.020513
2 0.433594 0.391209 0.027344 0.020513
0 0.457520 0.391209 0.026367 0.020513
0 0.481934 0.390476 0.028320 0.020513
0 0.505859 0.390476 0.027344 0.020513
3 0.434082 0.409890 0.028320 0.019780
0 0.458008 0.409524 0.027344 0.020513
0 0.482422 0.408791 0.027344 0.020513
0 0.505859 0.408791 0.027344 0.020513
