3 0.794922 0.233700 0.033203 0.026374
3 0.763184 0.234799 0.032227 0.025641
3 0.729004 0.234799 0.032227 0.027106
3 0.666016 0.235165 0.031250 0.026374
3 0.697266 0.234799 0.031250 0.025641
3 0.633301 0.236264 0.032227 0.025641
3 0.602051 0.236264 0.032227 0.025641
3 0.569336 0.236264 0.031250 0.025641
3 0.504883 0.237729 0.031250 0.025641
3 0.538086 0.237363 0.031250 0.024908
3 0.794434 0.260806 0.032227 0.026374
3 0.761719 0.261905 0.033203 0.027106
3 0.729004 0.261905 0.032227 0.025641
3 0.697266 0.263004 0.033203 0.026374
3 0.664551 0.263370 0.032227 0.025641
3 0.633301 0.263004 0.032227 0.026374
3 0.600586 0.264103 0.031250 0.025641
3 0.537598 0.264103 0.032227 0.024176
3 0.569336 0.264103 0.031250 0.024176
3 0.504883 0.264103 0.031250 0.024176
3 0.792969 0.288645 0.033203 0.024908
3 0.760254 0.289744 0.032227 0.025641
3 0.728516 0.289744 0.033203 0.025641
3 0.695801 0.289744 0.032227 0.025641
3 0.664062 0.289744 0.031250 0.025641
3 0.600586 0.291209 0.031250 0.025641
3 0.633301 0.291209 0.032227 0.025641
3 0.569336 0.291209 0.031250 0.025641
3 0.504883 0.291209 0.031250 0.024176
3 0.538086 0.291209 0.031250 0.024176
3 0.792969 0.331502 0.033203 0.025641
3 0.759766 0.331502 0.033203 0.025641
3 0.695312 0.332234 0.031250 0.025641
3 0.727051 0.332601 0.032227 0.024908
3 0.569336 0.333700 0.031250 0.025641
3 0.631836 0.333700 0.031250 0.025641
3 0.600586 0.333700 0.033203 0.025641
3 0.664062 0.332601 0.031250 0.024908
3 0.538086 0.333700 0.031250 0.024176
3 0.504883 0.333700 0.031250 0.024176
3 0.789551 0.459341 0.032227 0.024908
3 0.723145 0.459341 0.032227 0.024908
3 0.688477 0.459341 0.031250 0.024908
3 0.756836 0.459341 0.031250 0.024908
3 0.473633 0.460440 0.031250 0.024176
3 0.440430 0.460440 0.031250 0.024176
3 0.565430 0.460440 0.031250 0.024176
3 0.631836 0.460440 0.031250 0.024176
3 0.598633 0.460440 0.031250 0.024176
3 0.532227 0.460440 0.031250 0.024176
3 0.211426 0.460806 0.032227 0.024908
3 0.246094 0.460806 0.033203 0.024908
3 0.280762 0.460806 0.032227 0.024908
3 0.313477 0.460806 0.031250 0.024908
3 0.373047 0.460440 0.031250 0.024176
3 0.407227 0.460440 0.031250 0.024176
3 0.789551 0.486081 0.032227 0.024176
3 0.631836 0.486081 0.031250 0.024176
3 0.688477 0.486081 0.031250 0.024176
3 0.756348 0.486081 0.032227 0.024176
3 0.721680 0.486081 0.031250 0.024176
3 0.473633 0.486447 0.031250 0.024908
3 0.440430 0.486447 0.031250 0.024908
3 0.407227 0.486447 0.031250 0.024908
3 0.598633 0.486081 0.031250 0.024176
3 0.565430 0.486081 0.031250 0.024176
3 0.532227 0.486081 0.031250 0.024176
3 0.280762 0.487546 0.032227 0.024176
3 0.246094 0.487546 0.033203 0.024176
3 0.313477 0.487546 0.031250 0.024176
3 0.373047 0.487546 0.033203 0.024176
3 0.211426 0.487546 0.032227 0.024176
3 0.789062 0.511722 0.031250 0.024176
3 0.598633 0.512821 0.031250 0.024908
3 0.631836 0.512821 0.031250 0.024908
3 0.565430 0.512821 0.031250 0.024908
3 0.721680 0.511722 0.031250 0.024176
3 0.756348 0.511722 0.032227 0.024176
3 0.688477 0.511722 0.031250 0.024176
3 0.440430 0.513187 0.031250 0.024176
3 0.473633 0.513187 0.031250 0.024176
3 0.407227 0.513187 0.031250 0.024176
3 0.532227 0.513187 0.031250 0.024176
3 0.281250 0.514286 0.031250 0.024908
3 0.313965 0.514286 0.032227 0.024908
3 0.373047 0.513187 0.031250 0.024176
3 0.211426 0.514286 0.032227 0.024908
3 0.246094 0.514286 0.031250 0.024908
3 0.754883 0.538462 0.031250 0.024908
3 0.721680 0.538462 0.031250 0.024908
3 0.789062 0.538462 0.031250 0.024908
3 0.688965 0.538462 0.030273 0.024908
3 0.565430 0.538828 0.031250 0.024176
3 0.532227 0.538828 0.031250 0.024176
3 0.598633 0.538828 0.031250 0.024176
3 0.631836 0.538828 0.031250 0.024176
3 0.407227 0.539927 0.031250 0.024908
3 0.373047 0.539927 0.031250 0.024908
3 0.440430 0.539927 0.031250 0.024908
3 0.473633 0.538828 0.033203 0.024176
3 0.281250 0.539927 0.031250 0.024908
3 0.315430 0.539927 0.031250 0.024908
3 0.212891 0.541026 0.033203 0.024176
3 0.247559 0.541026 0.032227 0.024176
3 0.789551 0.564469 0.032227 0.024176
3 0.754883 0.564469 0.031250 0.024176
3 0.688965 0.564469 0.030273 0.024176
3 0.721680 0.564469 0.031250 0.024176
3 0.532227 0.565568 0.031250 0.024908
3 0.598633 0.564469 0.031250 0.024176
3 0.631836 0.564469 0.031250 0.024176
3 0.565430 0.564469 0.031250 0.024176
3 0.373047 0.565568 0.031250 0.024908
3 0.473633 0.565568 0.031250 0.024908
3 0.407227 0.565568 0.031250 0.024908
3 0.440430 0.565568 0.033203 0.024908
3 0.280762 0.566667 0.032227 0.024176
3 0.315430 0.566667 0.031250 0.024176
3 0.212891 0.568132 0.033203 0.025641
3 0.247559 0.567766 0.032227 0.024908
3 0.788086 0.590110 0.031250 0.024176
3 0.754883 0.590110 0.031250 0.024176
3 0.631836 0.590842 0.031250 0.024176
3 0.598633 0.590842 0.031250 0.024176
3 0.565430 0.590842 0.031250 0.024176
3 0.723633 0.590110 0.031250 0.024176
3 0.473633 0.591209 0.031250 0.024908
3 0.440430 0.591209 0.031250 0.024908
3 0.532227 0.591209 0.029297 0.024908
3 0.373047 0.592308 0.031250 0.024176
3 0.407227 0.592308 0.031250 0.024176
3 0.280762 0.593407 0.032227 0.024908
3 0.315430 0.593407 0.031250 0.024908
3 0.247559 0.593773 0.032227 0.024176
3 0.212891 0.594505 0.033203 0.025641
3 0.723633 0.616484 0.031250 0.024176
3 0.756836 0.616484 0.031250 0.024176
3 0.789062 0.616484 0.031250 0.024176
3 0.565430 0.616850 0.031250 0.024908
3 0.690430 0.616484 0.031250 0.024176
3 0.598633 0.616850 0.031250 0.024908
3 0.631836 0.616484 0.033203 0.024176
3 0.440430 0.617949 0.031250 0.024176
3 0.407227 0.617949 0.031250 0.024176
3 0.473633 0.617949 0.031250 0.024176
3 0.532227 0.617949 0.029297 0.024176
3 0.373047 0.619048 0.033203 0.024908
3 0.282227 0.619048 0.031250 0.024908
3 0.315430 0.619048 0.033203 0.024908
3 0.248047 0.620147 0.031250 0.024176
3 0.212891 0.621612 0.033203 0.025641
3 0.756836 0.642491 0.031250 0.024908
3 0.723633 0.642491 0.031250 0.024908
3 0.789062 0.642491 0.031250 0.024908
3 0.690430 0.642491 0.031250 0.024908
3 0.565430 0.643590 0.031250 0.024176
3 0.631836 0.643590 0.031250 0.024176
3 0.532227 0.643590 0.031250 0.024176
3 0.598633 0.643590 0.031250 0.024176
3 0.407227 0.644689 0.031250 0.024908
3 0.375000 0.645055 0.031250 0.025641
3 0.440430 0.644689 0.031250 0.024908
3 0.473633 0.643590 0.031250 0.024176
3 0.282227 0.645788 0.031250 0.024176
3 0.315430 0.645788 0.031250 0.024176
3 0.248047 0.647253 0.033203 0.025641
3 0.212891 0.648352 0.033203 0.026374
3 0.756836 0.669231 0.033203 0.024176
3 0.791016 0.669231 0.031250 0.024176
3 0.723633 0.669231 0.033203 0.024176
3 0.690430 0.669231 0.031250 0.024176
3 0.532227 0.670330 0.031250 0.024908
3 0.565430 0.670330 0.031250 0.024908
3 0.473633 0.670330 0.031250 0.024908
3 0.631836 0.670330 0.031250 0.024908
3 0.598633 0.669231 0.031250 0.024176
3 0.375000 0.670330 0.031250 0.024908
3 0.440430 0.670330 0.031250 0.024908
3 0.407227 0.670330 0.031250 0.024908
3 0.282227 0.671795 0.033203 0.024908
3 0.315430 0.671795 0.031250 0.024908
3 0.248047 0.672894 0.033203 0.025641
3 0.212891 0.675092 0.033203 0.027106
3 0.758301 0.695971 0.032227 0.024908
3 0.791016 0.695971 0.031250 0.024908
3 0.690430 0.695971 0.031250 0.024908
3 0.725098 0.695971 0.032227 0.024908
3 0.633301 0.695971 0.032227 0.024908
3 0.598633 0.695971 0.031250 0.024908
3 0.532227 0.695971 0.031250 0.024908
3 0.565430 0.695971 0.031250 0.024908
3 0.475098 0.695971 0.032227 0.024908
3 0.440430 0.695971 0.031250 0.024908
3 0.407227 0.695971 0.031250 0.024908
3 0.375000 0.697070 0.031250 0.024176
3 0.315430 0.698535 0.031250 0.025641
3 0.282227 0.698535 0.033203 0.025641
3 0.248047 0.699634 0.033203 0.026374
3 0.212891 0.702198 0.033203 0.027106
3 0.758301 0.722711 0.032227 0.024176
3 0.633301 0.722711 0.032227 0.024176
3 0.725586 0.722711 0.031250 0.024176
3 0.791504 0.722711 0.032227 0.025641
3 0.692383 0.722711 0.031250 0.024176
3 0.565430 0.722711 0.031250 0.024176
3 0.532227 0.722711 0.031250 0.024176
3 0.600098 0.722711 0.032227 0.024176
3 0.440430 0.722711 0.031250 0.024176
3 0.475098 0.722711 0.032227 0.025641
3 0.407227 0.722711 0.031250 0.024176
3 0.375000 0.723810 0.031250 0.024908
3 0.315430 0.724176 0.031250 0.025641
3 0.282227 0.724908 0.033203 0.025641
3 0.248047 0.726374 0.033203 0.027106
3 0.212891 0.728938 0.033203 0.026374
3 0.600586 0.749451 0.031250 0.024908
3 0.633301 0.749817 0.032227 0.025641
3 0.567383 0.749451 0.031250 0.024908
3 0.409180 0.749451 0.031250 0.024908
3 0.534180 0.749451 0.031250 0.024908
3 0.759766 0.749817 0.033203 0.024176
3 0.725586 0.749817 0.033203 0.024176
3 0.794434 0.749817 0.032227 0.025641
3 0.692383 0.749817 0.033203 0.024176
3 0.374512 0.749817 0.032227 0.024176
3 0.475098 0.749817 0.032227 0.024176
3 0.442383 0.749817 0.031250 0.024176
3 0.315430 0.750916 0.031250 0.024908
3 0.282227 0.752015 0.033203 0.024176
3 0.248047 0.753480 0.033203 0.027106
3 0.212891 0.755678 0.033203 0.027106
3 0.633301 0.776190 0.032227 0.025641
3 0.692383 0.776190 0.031250 0.025641
3 0.727051 0.776190 0.032227 0.025641
3 0.567383 0.776557 0.031250 0.024908
3 0.475586 0.776557 0.031250 0.024908
3 0.375977 0.776190 0.031250 0.025641
3 0.600586 0.776190 0.031250 0.025641
3 0.534180 0.776557 0.031250 0.024908
3 0.442383 0.776557 0.031250 0.024908
3 0.409180 0.776557 0.031250 0.024908
3 0.760254 0.777656 0.032227 0.025641
3 0.794922 0.777656 0.033203 0.025641
3 0.315430 0.777656 0.031250 0.025641
3 0.282227 0.779121 0.033203 0.025641
3 0.248047 0.780220 0.033203 0.026374
3 0.212891 0.782418 0.033203 0.027839
3 0.567383 0.803297 0.031250 0.025641
3 0.534180 0.803297 0.031250 0.025641
3 0.475586 0.803297 0.031250 0.025641
3 0.375977 0.803297 0.031250 0.025641
3 0.442383 0.802198 0.031250 0.024908
3 0.409180 0.801832 0.031250 0.024176
3 0.634766 0.803297 0.033203 0.025641
3 0.600586 0.803297 0.033203 0.024176
3 0.761719 0.804396 0.033203 0.026374
3 0.727051 0.804762 0.032227 0.025641
3 0.693848 0.804762 0.032227 0.025641
3 0.796387 0.805495 0.032227 0.025641
3 0.282227 0.805495 0.033203 0.025641
3 0.315430 0.804762 0.031250 0.024176
3 0.248047 0.806960 0.033203 0.027106
3 0.212891 0.809524 0.033203 0.026374
3 0.442383 0.828938 0.031250 0.025641
3 0.375977 0.830037 0.031250 0.026374
3 0.409180 0.828938 0.031250 0.024176
3 0.534180 0.830403 0.031250 0.025641
3 0.567383 0.830403 0.033203 0.025641
3 0.475586 0.830403 0.031250 0.025641
3 0.600586 0.831136 0.033203 0.025641
3 0.634766 0.831136 0.033203 0.027106
3 0.728516 0.831502 0.033203 0.026374
3 0.694336 0.831502 0.033203 0.026374
3 0.316895 0.831136 0.032227 0.025641
3 0.763672 0.832601 0.033203 0.027106
3 0.282227 0.831502 0.031250 0.024908
3 0.797852 0.832601 0.033203 0.025641
3 0.248047 0.833700 0.033203 0.026374
3 0.213379 0.836264 0.032227 0.027106
1 0.459473 0.379121 0.022461 0.016850
0 0.483887 0.379121 0.022461 0.016850
0 0.506348 0.379121 0.024414 0.016850
0 0.528809 0.379121 0.022461 0.016850
2 0.461426 0.397436 0.022461 0.016850
0 0.483887 0.397436 0.022461 0.016850
0 0.506348 0.397436 0.024414 0.016850
0 0.528809 0.397436 0.022461 0.016850
3 0.461426 0.414286 0.022461 0.016850
0 0.483887 0.414286 0.022461 0.016850
0 0.506348 0.414286 0.022461 0.016850
0 0.528809 0.414286 0.022461 0.016850
3 0.689941 0.590842 0.030273 0.024176
