3 0.809570 0.217949 0.039062 0.031502
3 0.772949 0.219048 0.040039 0.032234
3 0.736328 0.220513 0.039062 0.032234
3 0.700195 0.221612 0.039062 0.031502
3 0.664551 0.222344 0.038086 0.031502
3 0.628906 0.223077 0.039062 0.031502
3 0.593262 0.223810 0.038086 0.031502
3 0.557617 0.223810 0.039062 0.031502
3 0.521973 0.224542 0.038086 0.031502
3 0.486816 0.224908 0.038086 0.030769
3 0.810059 0.247985 0.040039 0.031502
3 0.772949 0.249084 0.040039 0.032234
3 0.736328 0.250549 0.039062 0.030769
3 0.700195 0.251648 0.039062 0.031502
3 0.664551 0.252381 0.038086 0.031502
3 0.628906 0.253114 0.039062 0.031502
3 0.593750 0.253846 0.039062 0.031502
3 0.557617 0.254212 0.039062 0.030769
3 0.522461 0.254945 0.039062 0.030769
3 0.487305 0.255311 0.039062 0.031502
3 0.810059 0.278022 0.040039 0.031502
3 0.773438 0.279121 0.039062 0.030769
3 0.736328 0.280220 0.039062 0.031502
3 0.700684 0.281685 0.038086 0.031502
3 0.664551 0.282418 0.038086 0.031502
3 0.629395 0.283150 0.038086 0.031502
3 0.593750 0.283516 0.039062 0.030769
3 0.558105 0.284249 0.038086 0.030769
3 0.522949 0.284982 0.038086 0.030769
3 0.487793 0.285348 0.038086 0.030037
3 0.811035 0.324908 0.040039 0.031502
3 0.773438 0.326374 0.039062 0.031502
3 0.737305 0.327839 0.039062 0.031502
3 0.701172 0.328571 0.039062 0.031502
3 0.665039 0.329670 0.039062 0.030769
3 0.629395 0.330403 0.038086 0.030769
3 0.594238 0.330403 0.038086 0.030769
3 0.558594 0.331136 0.039062 0.030769
3 0.523438 0.331868 0.039062 0.030769
3 0.488281 0.331868 0.039062 0.030769
3 0.812012 0.469597 0.040039 0.030769
3 0.772949 0.469597 0.040039 0.030769
3 0.734375 0.470330 0.039062 0.030769
3 0.696289 0.471062 0.039062 0.030769
3 0.629883 0.471795 0.039062 0.030769
3 0.592773 0.472161 0.039062 0.030037
3 0.518555 0.472894 0.039062 0.030037
3 0.555664 0.472894 0.039062 0.030037
3 0.453125 0.473626 0.039062 0.030037
3 0.416016 0.473993 0.039062 0.030769
3 0.379395 0.474359 0.038086 0.030037
3 0.342285 0.475092 0.038086 0.030037
3 0.277832 0.475092 0.038086 0.030037
3 0.240723 0.475824 0.038086 0.030037
3 0.203613 0.476190 0.038086 0.030769
3 0.166992 0.476557 0.039062 0.030037
3 0.812500 0.499267 0.041016 0.031502
3 0.772949 0.499634 0.040039 0.030769
3 0.734863 0.500366 0.040039 0.030769
3 0.696289 0.500733 0.039062 0.030037
3 0.630371 0.501465 0.038086 0.030037
3 0.592773 0.501465 0.039062 0.030037
3 0.555664 0.502198 0.039062 0.030037
3 0.518555 0.502198 0.039062 0.030037
3 0.453613 0.502930 0.038086 0.030037
3 0.379395 0.503663 0.038086 0.030037
3 0.416504 0.503663 0.038086 0.030037
3 0.277832 0.504396 0.038086 0.030037
3 0.342773 0.504396 0.039062 0.030037
3 0.240723 0.505128 0.038086 0.030037
3 0.204590 0.505128 0.038086 0.030037
3 0.166992 0.505861 0.039062 0.030037
3 0.812988 0.529670 0.040039 0.030769
3 0.773438 0.529670 0.041016 0.030769
3 0.735352 0.529670 0.039062 0.030769
3 0.697266 0.530037 0.039062 0.030037
3 0.630859 0.530769 0.039062 0.030037
3 0.593262 0.531136 0.038086 0.030769
3 0.556152 0.531502 0.038086 0.030037
3 0.519043 0.531868 0.038086 0.030769
3 0.454102 0.532234 0.039062 0.030037
3 0.380371 0.532967 0.038086 0.030037
3 0.416992 0.532967 0.039062 0.030037
3 0.343262 0.533333 0.038086 0.029304
3 0.278320 0.533700 0.037109 0.030037
3 0.204102 0.534432 0.039062 0.030037
3 0.241699 0.534432 0.038086 0.030037
3 0.166992 0.535165 0.039062 0.030037
3 0.813477 0.559341 0.041016 0.031502
3 0.773926 0.559341 0.040039 0.031502
3 0.735840 0.559707 0.040039 0.030769
3 0.697266 0.559707 0.039062 0.030769
3 0.631348 0.560073 0.038086 0.030037
3 0.593750 0.560440 0.039062 0.030769
3 0.556641 0.560806 0.039062 0.030037
3 0.519043 0.561172 0.038086 0.030769
3 0.454102 0.561538 0.039062 0.030037
3 0.417480 0.561905 0.038086 0.030769
3 0.380371 0.562271 0.038086 0.030037
3 0.343262 0.562271 0.038086 0.030037
3 0.278809 0.563004 0.038086 0.030037
3 0.241699 0.563370 0.038086 0.030769
3 0.204590 0.563736 0.038086 0.030037
3 0.166504 0.564469 0.040039 0.030037
3 0.813965 0.589377 0.040039 0.031502
3 0.774902 0.589011 0.040039 0.030769
3 0.735840 0.589011 0.040039 0.030769
3 0.698242 0.589011 0.039062 0.030769
3 0.631836 0.589744 0.039062 0.030769
3 0.556641 0.590110 0.039062 0.030037
3 0.594238 0.590110 0.038086 0.030037
3 0.519531 0.590476 0.039062 0.030769
3 0.454590 0.590842 0.038086 0.030037
3 0.417480 0.591209 0.038086 0.030769
3 0.343750 0.591575 0.039062 0.030037
3 0.380859 0.591575 0.039062 0.030037
3 0.278809 0.592308 0.038086 0.030037
3 0.241699 0.592674 0.038086 0.030769
3 0.204590 0.593040 0.040039 0.030037
3 0.166504 0.593773 0.040039 0.030037
3 0.774902 0.619414 0.040039 0.031502
3 0.736328 0.619048 0.041016 0.030769
3 0.698242 0.619048 0.039062 0.030769
3 0.814453 0.620147 0.041016 0.031502
3 0.631836 0.619414 0.039062 0.030037
3 0.594727 0.619414 0.039062 0.030037
3 0.557129 0.619780 0.038086 0.030769
3 0.520020 0.620147 0.038086 0.030037
3 0.455078 0.620513 0.039062 0.030769
3 0.417969 0.620513 0.039062 0.030769
3 0.381348 0.620879 0.038086 0.030037
3 0.344238 0.621245 0.038086 0.030769
3 0.241699 0.621978 0.038086 0.030769
3 0.278809 0.621612 0.038086 0.030037
3 0.204102 0.622711 0.039062 0.030769
3 0.166016 0.623443 0.039062 0.030769
3 0.736816 0.648352 0.040039 0.030769
3 0.699219 0.648352 0.039062 0.030769
3 0.775879 0.649451 0.040039 0.031502
3 0.557617 0.649084 0.039062 0.030769
3 0.632812 0.648718 0.039062 0.030037
3 0.595215 0.648718 0.038086 0.030037
3 0.815430 0.650183 0.041016 0.031502
3 0.520508 0.649451 0.039062 0.030037
3 0.455566 0.649817 0.038086 0.030769
3 0.418457 0.649817 0.038086 0.030769
3 0.381348 0.650183 0.038086 0.030037
3 0.344238 0.650549 0.038086 0.030769
3 0.278809 0.651282 0.038086 0.030769
3 0.204102 0.652015 0.039062 0.030769
3 0.241699 0.651648 0.038086 0.030037
3 0.165527 0.653114 0.040039 0.031502
3 0.699219 0.678388 0.039062 0.030769
3 0.737793 0.678388 0.040039 0.030769
3 0.632812 0.678388 0.039062 0.030769
3 0.595703 0.678388 0.039062 0.030769
3 0.776855 0.679487 0.040039 0.031502
3 0.558594 0.678755 0.039062 0.030037
3 0.520996 0.679121 0.038086 0.030769
3 0.455566 0.679121 0.038086 0.030769
3 0.418457 0.679121 0.038086 0.030769
3 0.816406 0.680586 0.041016 0.032234
3 0.344727 0.679853 0.039062 0.030769
3 0.381836 0.679487 0.039062 0.030037
3 0.279297 0.680586 0.039062 0.030769
3 0.241699 0.681319 0.038086 0.030769
3 0.204102 0.682051 0.039062 0.030769
3 0.165039 0.683150 0.041016 0.031502
3 0.738770 0.708425 0.040039 0.030769
3 0.633789 0.708425 0.039062 0.030769
3 0.558594 0.708425 0.039062 0.030769
3 0.700195 0.708425 0.039062 0.030769
3 0.596191 0.708425 0.038086 0.030769
3 0.777344 0.709524 0.041016 0.031502
3 0.344727 0.709524 0.039062 0.031502
3 0.382324 0.708791 0.038086 0.030037
3 0.520996 0.709158 0.038086 0.030769
3 0.456543 0.709158 0.040039 0.030769
3 0.419434 0.708791 0.038086 0.030037
3 0.816406 0.710989 0.041016 0.032967
3 0.279297 0.710623 0.039062 0.030769
3 0.241211 0.711355 0.039062 0.030769
3 0.202637 0.712454 0.040039 0.031502
3 0.164551 0.713553 0.040039 0.032234
3 0.701172 0.738095 0.039062 0.031502
3 0.634766 0.738095 0.039062 0.031502
3 0.738770 0.738828 0.040039 0.031502
3 0.521973 0.738828 0.040039 0.031502
3 0.559082 0.738462 0.038086 0.030769
3 0.596680 0.738462 0.039062 0.030769
3 0.382324 0.738462 0.038086 0.030769
3 0.456543 0.738462 0.038086 0.030769
3 0.419434 0.738462 0.038086 0.030769
3 0.778320 0.739927 0.041016 0.032234
3 0.345215 0.739194 0.038086 0.030769
3 0.279297 0.740293 0.039062 0.031502
3 0.817383 0.741758 0.041016 0.032967
3 0.241211 0.741026 0.039062 0.031502
3 0.203125 0.742491 0.039062 0.031502
3 0.164062 0.744322 0.041016 0.032234
3 0.701660 0.768132 0.040039 0.031502
3 0.597656 0.768132 0.039062 0.031502
3 0.419434 0.767766 0.038086 0.030769
3 0.739746 0.768864 0.040039 0.031502
3 0.634766 0.768498 0.039062 0.030769
3 0.560059 0.768498 0.040039 0.030769
3 0.521973 0.768498 0.038086 0.030769
3 0.344727 0.768864 0.039062 0.031502
3 0.456543 0.768498 0.038086 0.030769
3 0.382324 0.768132 0.038086 0.030037
3 0.778809 0.770330 0.040039 0.032967
3 0.278809 0.770330 0.040039 0.031502
3 0.241211 0.771062 0.039062 0.031502
3 0.818359 0.772527 0.041016 0.032967
3 0.202637 0.772894 0.040039 0.032234
3 0.163086 0.774725 0.041016 0.032967
3 0.382812 0.797802 0.039062 0.030769
3 0.420410 0.797802 0.038086 0.030769
3 0.635742 0.798901 0.039062 0.031502
3 0.740723 0.799267 0.040039 0.032234
3 0.702148 0.798535 0.039062 0.030769
3 0.597656 0.798535 0.039062 0.030769
3 0.560547 0.798535 0.039062 0.030769
3 0.522461 0.798901 0.039062 0.031502
3 0.345703 0.798901 0.039062 0.031502
3 0.457031 0.798535 0.039062 0.030769
3 0.779297 0.800733 0.041016 0.032234
3 0.279297 0.800733 0.039062 0.030769
3 0.240723 0.801832 0.040039 0.031502
3 0.819336 0.803663 0.041016 0.033700
3 0.202637 0.803663 0.040039 0.032234
3 0.163086 0.805495 0.041016 0.032967
3 0.383301 0.828205 0.038086 0.031502
3 0.420410 0.827839 0.038086 0.030769
3 0.457031 0.828205 0.039062 0.031502
3 0.560547 0.828938 0.039062 0.031502
3 0.598633 0.828938 0.039062 0.031502
3 0.703125 0.828938 0.039062 0.031502
3 0.345703 0.829304 0.039062 0.032234
3 0.741699 0.829670 0.040039 0.031502
3 0.636719 0.829670 0.039062 0.031502
3 0.522461 0.829304 0.039062 0.030769
3 0.780273 0.831502 0.041016 0.032234
3 0.278809 0.831136 0.040039 0.031502
3 0.240723 0.832234 0.040039 0.032234
3 0.820312 0.834432 0.041016 0.033700
3 0.201660 0.834799 0.040039 0.032967
3 0.162109 0.836996 0.041016 0.032967
3 0.383301 0.857875 0.038086 0.030769
3 0.420410 0.857875 0.038086 0.030769
3 0.345703 0.859341 0.039062 0.032234
3 0.458008 0.858974 0.039062 0.031502
3 0.561523 0.859707 0.039062 0.031502
3 0.741699 0.860073 0.040039 0.032234
3 0.599121 0.859707 0.040039 0.031502
3 0.704102 0.859707 0.039062 0.031502
3 0.523438 0.859707 0.039062 0.031502
3 0.637207 0.860073 0.040039 0.030769
3 0.781250 0.861905 0.041016 0.032967
3 0.279297 0.861905 0.039062 0.031502
3 0.240234 0.863004 0.039062 0.032234
3 0.821289 0.865568 0.041016 0.034432
3 0.201660 0.865568 0.040039 0.032967
3 0.162109 0.868132 0.041016 0.033700
3 0.383789 0.888278 0.039062 0.031502
3 0.421387 0.888278 0.038086 0.031502
3 0.345703 0.889377 0.039062 0.032234
3 0.458008 0.889377 0.039062 0.032234
3 0.704590 0.889744 0.040039 0.031502
3 0.561523 0.890842 0.039062 0.032234
3 0.523926 0.890476 0.040039 0.031502
3 0.742676 0.890476 0.040039 0.031502
3 0.638184 0.891209 0.040039 0.031502
3 0.600098 0.891209 0.040039 0.031502
3 0.781738 0.892674 0.040039 0.032967
3 0.278809 0.892308 0.040039 0.032234
3 0.240234 0.894139 0.039062 0.032967
3 0.821777 0.896337 0.040039 0.034432
3 0.200684 0.896703 0.040039 0.033700
3 0.161133 0.899634 0.041016 0.033700
1 0.437988 0.383516 0.028320 0.021245
0 0.463379 0.383150 0.028320 0.021978
0 0.489746 0.382784 0.028320 0.021245
0 0.514648 0.382418 0.029297 0.021978
2 0.438477 0.402930 0.029297 0.021978
0 0.463867 0.402564 0.029297 0.021245
0 0.489746 0.402198 0.028320 0.021978
0 0.515137 0.401832 0.028320 0.021245
3 0.438965 0.422344 0.028320 0.021245
0 0.463867 0.422344 0.029297 0.021245
0 0.489746 0.421978 0.028320 0.021978
0 0.515625 0.421612 0.029297 0.021245
