3 0.493164 0.165568 0.041016 0.032234
3 0.530762 0.166300 0.040039 0.032234
3 0.567871 0.166667 0.040039 0.031502
3 0.642090 0.167766 0.040039 0.032234
3 0.604980 0.167399 0.040039 0.031502
3 0.679199 0.167766 0.040039 0.032234
3 0.829590 0.168498 0.040039 0.032234
3 0.791992 0.168498 0.041016 0.032234
3 0.716797 0.168498 0.041016 0.032234
3 0.754395 0.168864 0.040039 0.031502
3 0.492676 0.196337 0.040039 0.032234
3 0.529785 0.197070 0.040039 0.032234
3 0.566406 0.197802 0.041016 0.032234
3 0.604004 0.198168 0.040039 0.031502
3 0.716309 0.199267 0.040039 0.032234
3 0.641602 0.198901 0.041016 0.031502
3 0.679199 0.198901 0.040039 0.031502
3 0.753418 0.199634 0.040039 0.031502
3 0.791016 0.199634 0.041016 0.031502
3 0.829102 0.199634 0.041016 0.031502
3 0.491699 0.227106 0.040039 0.032234
3 0.529297 0.227839 0.041016 0.032234
3 0.565918 0.228571 0.040039 0.032234
3 0.603516 0.228938 0.041016 0.031502
3 0.641113 0.229670 0.040039 0.031502
3 0.715332 0.230403 0.040039 0.031502
3 0.678223 0.230403 0.040039 0.031502
3 0.790527 0.230403 0.040039 0.031502
3 0.828125 0.230769 0.041016 0.032234
3 0.752441 0.231136 0.040039 0.031502
3 0.490723 0.276190 0.040039 0.032234
3 0.528320 0.276557 0.041016 0.031502
3 0.565430 0.277289 0.041016 0.031502
3 0.603027 0.278022 0.040039 0.031502
3 0.640137 0.278755 0.040039 0.031502
3 0.677246 0.278755 0.040039 0.031502
3 0.789551 0.279853 0.040039 0.032234
3 0.827148 0.279853 0.041016 0.032234
3 0.714355 0.279487 0.040039 0.031502
3 0.751953 0.280220 0.041016 0.031502
3 0.138184 0.422711 0.041992 0.032234
3 0.218750 0.423443 0.041016 0.032234
3 0.178711 0.423077 0.041016 0.031502
3 0.328125 0.424176 0.041016 0.032234
3 0.258789 0.423810 0.041016 0.031502
3 0.368164 0.424542 0.041016 0.031502
3 0.408203 0.424908 0.041016 0.032234
3 0.448242 0.425275 0.041016 0.031502
3 0.519043 0.426374 0.041992 0.032234
3 0.597168 0.427106 0.040039 0.032234
3 0.557129 0.426740 0.040039 0.031502
3 0.636719 0.427473 0.041016 0.031502
3 0.706055 0.428205 0.041016 0.031502
3 0.824707 0.428938 0.043945 0.031502
3 0.785156 0.428938 0.041016 0.031502
3 0.745605 0.428938 0.040039 0.031502
3 0.137207 0.454212 0.041992 0.032234
3 0.177734 0.454579 0.041016 0.031502
3 0.217773 0.454579 0.041016 0.031502
3 0.257324 0.454945 0.041992 0.032234
3 0.328125 0.455678 0.041016 0.032234
3 0.368164 0.456044 0.041016 0.031502
3 0.407715 0.456410 0.041992 0.032234
3 0.447266 0.456777 0.041016 0.031502
3 0.517090 0.457509 0.040039 0.031502
3 0.556641 0.457875 0.041016 0.032234
3 0.596680 0.458242 0.041016 0.031502
3 0.636230 0.458608 0.040039 0.032234
3 0.705566 0.459341 0.040039 0.032234
3 0.785156 0.460073 0.041016 0.032234
3 0.745117 0.459707 0.041016 0.031502
3 0.825684 0.460440 0.041992 0.031502
3 0.136230 0.485714 0.041992 0.032234
3 0.176758 0.485714 0.041016 0.032234
3 0.256836 0.486447 0.041016 0.032234
3 0.216797 0.486447 0.041016 0.032234
3 0.327148 0.487179 0.041016 0.032234
3 0.407227 0.487912 0.041016 0.032234
3 0.367188 0.487546 0.041016 0.031502
3 0.446777 0.488278 0.040039 0.031502
3 0.516602 0.488645 0.041016 0.032234
3 0.556152 0.489377 0.040039 0.032234
3 0.595703 0.489744 0.041016 0.031502
3 0.635742 0.489744 0.041016 0.031502
3 0.705566 0.490476 0.040039 0.031502
3 0.825684 0.491575 0.041992 0.032234
3 0.785156 0.491209 0.041016 0.031502
3 0.744629 0.491209 0.040039 0.031502
3 0.135254 0.517216 0.041992 0.032234
3 0.175781 0.517216 0.041016 0.032234
3 0.255859 0.517949 0.041016 0.032234
3 0.215820 0.517949 0.041016 0.032234
3 0.326172 0.518681 0.041016 0.032234
3 0.366211 0.518681 0.041016 0.032234
3 0.406250 0.519414 0.041016 0.032234
3 0.446289 0.519414 0.041016 0.032234
3 0.516113 0.520147 0.040039 0.032234
3 0.595215 0.520879 0.040039 0.032234
3 0.555664 0.520513 0.041016 0.031502
3 0.635254 0.521245 0.040039 0.031502
3 0.744629 0.522344 0.040039 0.032234
3 0.704590 0.521978 0.040039 0.031502
3 0.825684 0.523077 0.041992 0.032234
3 0.784668 0.522711 0.041992 0.031502
3 0.133789 0.548718 0.042969 0.032234
3 0.174805 0.549084 0.041016 0.031502
3 0.254883 0.549451 0.041016 0.032234
3 0.215332 0.549451 0.041992 0.032234
3 0.325195 0.550183 0.041016 0.032234
3 0.365234 0.550183 0.041016 0.032234
3 0.445312 0.550916 0.041016 0.032234
3 0.405273 0.550549 0.041016 0.031502
3 0.515625 0.551648 0.041016 0.032234
3 0.594727 0.552381 0.041016 0.032234
3 0.555176 0.552015 0.040039 0.031502
3 0.634766 0.552747 0.041016 0.031502
3 0.704590 0.553114 0.040039 0.032234
3 0.784668 0.553846 0.041992 0.032234
3 0.744141 0.553846 0.041016 0.032234
3 0.825684 0.554579 0.041992 0.032234
3 0.132812 0.580952 0.042969 0.032234
3 0.173828 0.580952 0.041016 0.032234
3 0.214355 0.580952 0.041992 0.032234
3 0.253906 0.580952 0.041016 0.032234
3 0.324707 0.581685 0.041992 0.032234
3 0.365234 0.581685 0.041016 0.032234
3 0.405273 0.582418 0.041016 0.032234
3 0.444336 0.582418 0.041016 0.032234
3 0.514648 0.583150 0.041016 0.032234
3 0.554688 0.583150 0.041016 0.032234
3 0.594238 0.583883 0.040039 0.032234
3 0.634277 0.583883 0.040039 0.032234
3 0.704590 0.584615 0.040039 0.032234
3 0.784668 0.585714 0.041992 0.032967
3 0.744141 0.585348 0.041016 0.032234
3 0.827637 0.586447 0.045898 0.032967
3 0.131348 0.612454 0.043945 0.032234
3 0.172363 0.612454 0.041992 0.032234
3 0.213379 0.612454 0.041992 0.032234
3 0.323730 0.613187 0.041992 0.032234
3 0.253418 0.613187 0.040039 0.032234
3 0.404297 0.613919 0.041016 0.032234
3 0.364258 0.613919 0.041016 0.032234
3 0.444336 0.614286 0.041016 0.032967
3 0.513672 0.614652 0.041016 0.032234
3 0.593750 0.615385 0.041016 0.032234
3 0.633789 0.615751 0.041016 0.032967
3 0.553711 0.615018 0.041016 0.031502
3 0.704590 0.616117 0.041992 0.032234
3 0.744141 0.616850 0.041016 0.032234
3 0.826660 0.617949 0.041992 0.032967
3 0.784668 0.617582 0.041992 0.032234
3 0.129395 0.645055 0.043945 0.032967
3 0.171875 0.644689 0.042969 0.032234
3 0.212402 0.644689 0.041992 0.032234
3 0.251953 0.644689 0.041016 0.032234
3 0.322754 0.645421 0.041992 0.032234
3 0.363281 0.645421 0.041016 0.032234
3 0.403320 0.645788 0.041016 0.032967
3 0.444336 0.646154 0.042969 0.032234
3 0.593750 0.646886 0.041016 0.032234
3 0.553223 0.646886 0.040039 0.032234
3 0.513672 0.646520 0.041016 0.031502
3 0.633789 0.647619 0.041016 0.032234
3 0.744141 0.648718 0.041016 0.032967
3 0.704102 0.648352 0.041016 0.032234
3 0.784668 0.649451 0.041992 0.032967
3 0.826660 0.650183 0.041992 0.032967
3 0.168945 0.676557 0.044922 0.032967
3 0.210938 0.676557 0.041016 0.032967
3 0.128418 0.677289 0.043945 0.032967
3 0.321777 0.677289 0.041992 0.032967
3 0.250977 0.676923 0.041016 0.032234
3 0.362305 0.677656 0.041016 0.032234
3 0.402832 0.677656 0.041992 0.032234
3 0.442383 0.678022 0.041016 0.032967
3 0.513672 0.678388 0.041016 0.032234
3 0.552734 0.678388 0.041016 0.032234
3 0.592773 0.678755 0.041016 0.032967
3 0.632812 0.679487 0.041016 0.032967
3 0.704102 0.680220 0.041016 0.032967
3 0.744141 0.680952 0.041016 0.032967
3 0.784668 0.681685 0.041992 0.032967
3 0.827637 0.682784 0.043945 0.033700
3 0.168457 0.709158 0.043945 0.033700
3 0.209473 0.708791 0.041992 0.032967
3 0.250000 0.708791 0.041016 0.032967
3 0.126465 0.709524 0.043945 0.032967
3 0.320801 0.709524 0.041992 0.032967
3 0.361328 0.709524 0.041016 0.032967
3 0.442383 0.710256 0.041016 0.032967
3 0.401855 0.710256 0.041992 0.032967
3 0.512695 0.710256 0.041016 0.032967
3 0.592773 0.710989 0.041016 0.032967
3 0.552734 0.710623 0.041016 0.032234
3 0.632812 0.711722 0.041016 0.032967
3 0.702637 0.712454 0.043945 0.032967
3 0.744141 0.713187 0.041016 0.032967
3 0.785645 0.713919 0.041992 0.032967
3 0.827148 0.715018 0.042969 0.033700
3 0.208008 0.741026 0.042969 0.032967
3 0.249023 0.741392 0.041016 0.033700
3 0.166992 0.741758 0.042969 0.032967
3 0.124512 0.742491 0.043945 0.032967
3 0.400879 0.742491 0.041992 0.032967
3 0.319824 0.742125 0.041992 0.032234
3 0.359863 0.742491 0.041992 0.032967
3 0.440918 0.742857 0.041992 0.033700
3 0.551758 0.742491 0.041016 0.032967
3 0.511719 0.743223 0.041016 0.032967
3 0.591797 0.743223 0.041016 0.032967
3 0.633301 0.743956 0.041992 0.032967
3 0.704102 0.745055 0.041016 0.033700
3 0.744629 0.745788 0.041992 0.033700
3 0.785645 0.746520 0.041992 0.033700
3 0.827637 0.747619 0.041992 0.034432
3 0.207031 0.773993 0.042969 0.032967
3 0.247070 0.774359 0.041016 0.033700
3 0.123535 0.775458 0.043945 0.034432
3 0.165527 0.774725 0.041992 0.032967
3 0.318359 0.774725 0.042969 0.032967
3 0.358887 0.774725 0.041992 0.032967
3 0.442383 0.775824 0.044922 0.033700
3 0.591797 0.775458 0.041016 0.032967
3 0.399902 0.775458 0.041992 0.032967
3 0.512207 0.775824 0.041992 0.033700
3 0.550781 0.775458 0.041016 0.032967
3 0.632812 0.776557 0.041016 0.033700
3 0.704102 0.778022 0.041016 0.033700
3 0.745117 0.778755 0.041016 0.033700
3 0.786133 0.779487 0.042969 0.033700
3 0.828613 0.780952 0.043945 0.033700
3 0.205566 0.806593 0.041992 0.033700
3 0.164062 0.807326 0.042969 0.033700
3 0.246094 0.807326 0.041016 0.033700
3 0.121582 0.808425 0.043945 0.034432
3 0.316895 0.808059 0.041992 0.033700
3 0.357910 0.808059 0.041992 0.033700
3 0.550781 0.807692 0.041016 0.032967
3 0.439941 0.808791 0.041992 0.033700
3 0.398926 0.808425 0.041992 0.032967
3 0.510742 0.808791 0.041016 0.033700
3 0.591309 0.808425 0.041992 0.032967
3 0.632812 0.809524 0.042969 0.033700
3 0.704102 0.810989 0.041016 0.033700
3 0.745605 0.812088 0.041992 0.034432
3 0.786621 0.812821 0.041992 0.034432
3 0.828125 0.814286 0.042969 0.034432
3 0.204590 0.839194 0.041992 0.032967
3 0.163086 0.840293 0.042969 0.033700
3 0.244629 0.840293 0.041992 0.033700
3 0.120117 0.841392 0.044922 0.034432
3 0.357422 0.841026 0.042969 0.033700
3 0.315918 0.841026 0.041992 0.033700
3 0.550781 0.840659 0.041016 0.032967
3 0.397949 0.841758 0.041992 0.033700
3 0.591309 0.841392 0.041992 0.032967
3 0.509766 0.841758 0.041016 0.033700
3 0.438965 0.842125 0.041992 0.032967
3 0.631836 0.842491 0.041016 0.033700
3 0.704590 0.844322 0.041992 0.034432
3 0.745605 0.845788 0.041992 0.034432
3 0.788086 0.846154 0.044922 0.033700
3 0.829590 0.847253 0.043945 0.034432
3 0.203613 0.872527 0.041992 0.033700
3 0.159668 0.873260 0.047852 0.033700
3 0.243164 0.873626 0.041016 0.034432
3 0.590820 0.874359 0.041016 0.034432
3 0.549805 0.873993 0.041016 0.033700
3 0.117676 0.875092 0.045898 0.034432
3 0.356445 0.874725 0.042969 0.033700
3 0.314453 0.874725 0.042969 0.033700
3 0.396973 0.874725 0.041992 0.033700
3 0.509766 0.875092 0.041016 0.034432
3 0.437988 0.875824 0.041992 0.034432
3 0.631836 0.875824 0.041016 0.034432
3 0.704590 0.878022 0.041992 0.034432
3 0.787598 0.879487 0.041992 0.034432
3 0.745605 0.879487 0.041992 0.034432
3 0.829590 0.880952 0.041992 0.034432
1 0.435547 0.328938 0.029297 0.021978
0 0.462402 0.329304 0.030273 0.022711
0 0.490723 0.330037 0.030273 0.022711
0 0.517090 0.330037 0.030273 0.022711
2 0.435059 0.349817 0.030273 0.022711
0 0.462402 0.350183 0.030273 0.021978
0 0.489746 0.350549 0.030273 0.022711
0 0.517090 0.350916 0.030273 0.021978
3 0.434570 0.370696 0.029297 0.021978
0 0.461914 0.371062 0.029297 0.022711
0 0.489746 0.371429 0.030273 0.021978
0 0.516113 0.371795 0.030273 0.022711
