3 0.825195 0.165201 0.041016 0.032967
3 0.788086 0.167033 0.041016 0.032234
3 0.751465 0.168132 0.040039 0.031502
3 0.714355 0.169231 0.040039 0.032234
3 0.677246 0.170330 0.040039 0.031502
3 0.640625 0.171795 0.039062 0.031502
3 0.604004 0.173260 0.040039 0.031502
3 0.567383 0.173993 0.039062 0.031502
3 0.493652 0.174725 0.041992 0.031502
3 0.531250 0.174725 0.039062 0.030037
3 0.825684 0.195238 0.043945 0.032967
3 0.788574 0.197070 0.040039 0.032234
3 0.751465 0.198535 0.040039 0.032234
3 0.714844 0.199634 0.041016 0.031502
3 0.677734 0.200733 0.039062 0.032234
3 0.641113 0.201832 0.040039 0.031502
3 0.604492 0.203297 0.039062 0.031502
3 0.568359 0.203663 0.039062 0.030769
3 0.531738 0.204396 0.040039 0.030769
3 0.496094 0.204396 0.039062 0.030769
3 0.827637 0.225275 0.041992 0.032967
3 0.789551 0.227473 0.040039 0.031502
3 0.752441 0.228938 0.040039 0.031502
3 0.715332 0.229670 0.040039 0.031502
3 0.678223 0.231136 0.040039 0.031502
3 0.642090 0.231868 0.040039 0.031502
3 0.605469 0.232967 0.039062 0.030769
3 0.568848 0.233700 0.040039 0.030769
3 0.496094 0.234432 0.039062 0.030769
3 0.532715 0.234432 0.040039 0.030769
3 0.829102 0.273626 0.041016 0.032967
3 0.791016 0.275458 0.041016 0.032234
3 0.753418 0.276923 0.040039 0.032234
3 0.715820 0.278022 0.041016 0.031502
3 0.679688 0.278755 0.039062 0.031502
3 0.643066 0.280220 0.040039 0.031502
3 0.606445 0.280586 0.039062 0.030769
3 0.569824 0.281319 0.040039 0.030769
3 0.533691 0.281319 0.040039 0.030769
3 0.497070 0.281319 0.039062 0.030769
3 0.834473 0.420513 0.041992 0.032234
3 0.793945 0.421612 0.041016 0.031502
3 0.753906 0.423077 0.041016 0.031502
3 0.714355 0.423810 0.040039 0.031502
3 0.645996 0.424542 0.040039 0.031502
3 0.606934 0.425641 0.040039 0.030769
3 0.567871 0.426007 0.040039 0.031502
3 0.461426 0.426740 0.040039 0.031502
3 0.529785 0.426374 0.040039 0.030769
3 0.423340 0.427473 0.040039 0.031502
3 0.384277 0.428205 0.040039 0.031502
3 0.345703 0.428938 0.039062 0.031502
3 0.277344 0.429670 0.039062 0.031502
3 0.239258 0.430403 0.039062 0.031502
3 0.200684 0.431136 0.040039 0.031502
3 0.161621 0.431502 0.040039 0.030769
3 0.835938 0.451282 0.042969 0.032234
3 0.794922 0.452747 0.041016 0.032234
3 0.754883 0.453480 0.041016 0.032234
3 0.715332 0.454212 0.040039 0.030769
3 0.646973 0.455311 0.040039 0.031502
3 0.607910 0.456044 0.040039 0.031502
3 0.568848 0.456410 0.040039 0.030769
3 0.529785 0.456777 0.040039 0.031502
3 0.462402 0.457509 0.040039 0.031502
3 0.423340 0.458242 0.040039 0.031502
3 0.384766 0.458974 0.039062 0.031502
3 0.343750 0.459341 0.044922 0.030769
3 0.277832 0.460073 0.040039 0.030769
3 0.200684 0.461172 0.040039 0.031502
3 0.239258 0.460806 0.039062 0.030769
3 0.161133 0.461538 0.041016 0.030769
3 0.836914 0.482051 0.042969 0.032234
3 0.796387 0.483516 0.041992 0.032234
3 0.755859 0.484249 0.041016 0.032234
3 0.716309 0.484615 0.040039 0.031502
3 0.648438 0.486081 0.041016 0.031502
3 0.569824 0.486813 0.040039 0.031502
3 0.608887 0.486447 0.040039 0.030769
3 0.531250 0.487546 0.041016 0.031502
3 0.462402 0.488278 0.040039 0.031502
3 0.424316 0.489011 0.040039 0.031502
3 0.346191 0.489744 0.040039 0.031502
3 0.385254 0.489744 0.040039 0.031502
3 0.276367 0.490476 0.042969 0.031502
3 0.239258 0.491209 0.039062 0.031502
3 0.160645 0.491941 0.041992 0.031502
3 0.200684 0.491941 0.040039 0.031502
3 0.838379 0.513553 0.041992 0.032234
3 0.797363 0.514286 0.041992 0.032234
3 0.756836 0.515018 0.041016 0.032234
3 0.717773 0.515385 0.041016 0.031502
3 0.649414 0.516117 0.041016 0.031502
3 0.609375 0.516850 0.041016 0.031502
3 0.570312 0.517582 0.041016 0.031502
3 0.531738 0.518315 0.040039 0.031502
3 0.463379 0.519048 0.040039 0.031502
3 0.424316 0.519414 0.040039 0.032234
3 0.385254 0.519780 0.040039 0.031502
3 0.346191 0.520513 0.040039 0.031502
3 0.277832 0.521245 0.040039 0.031502
3 0.239258 0.521978 0.039062 0.031502
3 0.160156 0.522711 0.041016 0.031502
3 0.200195 0.522711 0.041016 0.031502
3 0.839844 0.545055 0.042969 0.032234
3 0.798340 0.545421 0.041992 0.031502
3 0.758301 0.546154 0.041992 0.031502
3 0.718750 0.546154 0.041016 0.031502
3 0.649414 0.547253 0.041016 0.032234
3 0.610352 0.547619 0.041016 0.031502
3 0.570801 0.548352 0.040039 0.031502
3 0.532227 0.549084 0.041016 0.031502
3 0.463867 0.549817 0.041016 0.031502
3 0.425293 0.549817 0.040039 0.031502
3 0.385742 0.550549 0.039062 0.031502
3 0.346680 0.551282 0.041016 0.031502
3 0.277832 0.552015 0.040039 0.031502
3 0.238770 0.552747 0.040039 0.031502
3 0.158691 0.553480 0.041992 0.031502
3 0.199219 0.553480 0.041016 0.031502
3 0.840820 0.576557 0.042969 0.032234
3 0.800293 0.576557 0.041992 0.032234
3 0.759766 0.576923 0.041016 0.031502
3 0.719727 0.577656 0.041016 0.031502
3 0.650391 0.578388 0.041016 0.031502
3 0.611328 0.578755 0.041016 0.032234
3 0.571777 0.579121 0.040039 0.031502
3 0.532227 0.579853 0.041016 0.031502
3 0.464355 0.580586 0.040039 0.031502
3 0.425293 0.581319 0.040039 0.031502
3 0.386230 0.581685 0.040039 0.032234
3 0.346680 0.582418 0.041016 0.032234
3 0.277832 0.583150 0.040039 0.032234
3 0.237793 0.583883 0.041992 0.032234
3 0.157715 0.584615 0.041992 0.032234
3 0.198730 0.584249 0.041992 0.031502
3 0.842773 0.608059 0.042969 0.032234
3 0.801270 0.608059 0.041992 0.032234
3 0.760742 0.608059 0.041016 0.032234
3 0.720703 0.608791 0.041016 0.032234
3 0.651367 0.609524 0.041016 0.032234
3 0.612305 0.609890 0.041016 0.031502
3 0.572754 0.610256 0.040039 0.032234
3 0.533691 0.610989 0.040039 0.032234
3 0.465332 0.611722 0.040039 0.032234
3 0.425781 0.612088 0.041016 0.031502
3 0.348145 0.613187 0.041992 0.032234
3 0.386230 0.612821 0.040039 0.031502
3 0.238770 0.614652 0.040039 0.032234
3 0.277832 0.614286 0.040039 0.031502
3 0.198242 0.615385 0.041016 0.032234
3 0.156738 0.616117 0.041992 0.032234
3 0.844238 0.639927 0.043945 0.032967
3 0.802734 0.639560 0.042969 0.032234
3 0.762207 0.639560 0.041992 0.032234
3 0.722656 0.640293 0.041016 0.032234
3 0.652344 0.640659 0.041016 0.031502
3 0.613281 0.641026 0.041016 0.032234
3 0.573730 0.641758 0.040039 0.032234
3 0.534180 0.642491 0.041016 0.032234
3 0.426270 0.643223 0.040039 0.032234
3 0.465332 0.643223 0.040039 0.032234
3 0.385254 0.643956 0.043945 0.032234
3 0.347168 0.644689 0.040039 0.032234
3 0.238281 0.646154 0.041016 0.032234
3 0.277832 0.645788 0.040039 0.031502
3 0.197754 0.647253 0.041992 0.032967
3 0.156250 0.648352 0.042969 0.033700
3 0.845703 0.672161 0.042969 0.032967
3 0.804199 0.671795 0.041992 0.032234
3 0.723633 0.671795 0.041016 0.032234
3 0.763672 0.671795 0.041016 0.032234
3 0.614746 0.672527 0.041992 0.032234
3 0.655273 0.672527 0.044922 0.032234
3 0.573730 0.673260 0.041992 0.032234
3 0.534668 0.673993 0.040039 0.032234
3 0.426758 0.674725 0.041016 0.032234
3 0.466309 0.674725 0.040039 0.032234
3 0.387207 0.675458 0.040039 0.032234
3 0.347656 0.676190 0.041016 0.032234
3 0.237793 0.678022 0.041992 0.032967
3 0.277832 0.677656 0.040039 0.032234
3 0.196777 0.679487 0.041992 0.032967
3 0.154297 0.680586 0.044922 0.033700
3 0.848145 0.704029 0.043945 0.033700
3 0.805664 0.703663 0.042969 0.032967
3 0.765137 0.703297 0.041992 0.032234
3 0.725098 0.703663 0.041992 0.032967
3 0.654785 0.704029 0.041992 0.032234
3 0.615234 0.704029 0.041016 0.032234
3 0.575195 0.704762 0.041016 0.032234
3 0.535645 0.705495 0.040039 0.032234
3 0.466309 0.706227 0.040039 0.032234
3 0.427246 0.706593 0.040039 0.032967
3 0.387207 0.706960 0.040039 0.032234
3 0.347656 0.708059 0.041016 0.032967
3 0.277344 0.709524 0.041016 0.032967
3 0.237305 0.710256 0.041016 0.032967
3 0.195801 0.711722 0.041992 0.034432
3 0.153320 0.712821 0.044922 0.033700
3 0.807129 0.735897 0.043945 0.032967
3 0.726562 0.735897 0.041016 0.032967
3 0.767090 0.735897 0.041992 0.032967
3 0.849121 0.736630 0.043945 0.032967
3 0.656250 0.736264 0.041016 0.032234
3 0.616211 0.736264 0.041016 0.032234
3 0.577148 0.736630 0.042969 0.032967
3 0.536133 0.737363 0.041016 0.032967
3 0.467285 0.738095 0.040039 0.032967
3 0.427246 0.738462 0.040039 0.032234
3 0.387695 0.738828 0.041016 0.032967
3 0.347656 0.739927 0.041016 0.033700
3 0.277344 0.741758 0.041016 0.032967
3 0.236816 0.742857 0.041992 0.033700
3 0.195312 0.744689 0.042969 0.034432
3 0.153320 0.746886 0.042969 0.035897
3 0.768066 0.768132 0.041992 0.032967
3 0.851074 0.769231 0.043945 0.033700
3 0.809570 0.768864 0.042969 0.032967
3 0.728027 0.768864 0.041992 0.032967
3 0.657227 0.768864 0.041016 0.032967
3 0.576172 0.768864 0.042969 0.032967
3 0.618164 0.768498 0.042969 0.032234
3 0.537109 0.769597 0.041016 0.032967
3 0.469238 0.770696 0.043945 0.032234
3 0.427734 0.770696 0.041016 0.032234
3 0.388184 0.771062 0.040039 0.032967
3 0.347656 0.772161 0.041016 0.033700
3 0.276855 0.774359 0.040039 0.033700
3 0.235840 0.775824 0.041992 0.033700
3 0.194336 0.777656 0.042969 0.034432
3 0.152832 0.779853 0.043945 0.034432
3 0.770020 0.801099 0.041992 0.032967
3 0.811523 0.801465 0.042969 0.033700
3 0.617676 0.801099 0.041992 0.032967
3 0.658691 0.801465 0.041992 0.033700
3 0.729492 0.801465 0.041016 0.033700
3 0.578125 0.801099 0.041016 0.032967
3 0.853027 0.802198 0.043945 0.033700
3 0.538086 0.802198 0.041016 0.033700
3 0.428223 0.803297 0.040039 0.032967
3 0.468262 0.803297 0.040039 0.032967
3 0.388184 0.803663 0.040039 0.033700
3 0.347656 0.805128 0.041016 0.033700
3 0.276367 0.807326 0.041016 0.033700
3 0.235352 0.808791 0.042969 0.035165
3 0.193359 0.810989 0.042969 0.035165
3 0.150879 0.813187 0.043945 0.035165
3 0.812500 0.834066 0.042969 0.032967
3 0.771973 0.834066 0.041992 0.032967
3 0.659668 0.834432 0.041992 0.033700
3 0.730957 0.834432 0.041992 0.033700
3 0.619141 0.834066 0.041016 0.032967
3 0.579102 0.834066 0.041016 0.032967
3 0.855469 0.834799 0.044922 0.032967
3 0.539062 0.835165 0.041016 0.033700
3 0.427734 0.836264 0.042969 0.032967
3 0.388184 0.836264 0.041992 0.032967
3 0.468750 0.836264 0.041016 0.032967
3 0.347168 0.837729 0.041992 0.034432
3 0.276367 0.840659 0.041016 0.034432
3 0.234863 0.842491 0.041992 0.035165
3 0.192383 0.845055 0.042969 0.035897
3 0.150391 0.846886 0.042969 0.035165
3 0.855957 0.867766 0.043945 0.034432
3 0.814453 0.867033 0.042969 0.032967
3 0.661133 0.867766 0.042969 0.034432
3 0.620605 0.867399 0.041992 0.033700
3 0.773438 0.867399 0.042969 0.033700
3 0.580078 0.867033 0.042969 0.032967
3 0.732910 0.868132 0.041992 0.033700
3 0.539062 0.868132 0.041016 0.033700
3 0.388672 0.869597 0.041016 0.033700
3 0.469727 0.869231 0.041016 0.032967
3 0.429199 0.869231 0.041992 0.032967
3 0.347656 0.870696 0.042969 0.034432
3 0.274902 0.873993 0.043945 0.035165
3 0.233887 0.876557 0.043945 0.035897
3 0.191895 0.879487 0.043945 0.035897
3 0.149414 0.881319 0.042969 0.035165
1 0.445801 0.334066 0.030273 0.021978
0 0.472168 0.333333 0.028320 0.021978
0 0.499023 0.333333 0.029297 0.021978
0 0.525391 0.333333 0.029297 0.021978
2 0.446289 0.353846 0.029297 0.021978
0 0.472656 0.353114 0.029297 0.021978
0 0.499023 0.353114 0.029297 0.021978
0 0.525391 0.353114 0.029297 0.021978
3 0.446289 0.374359 0.029297 0.021978
0 0.472656 0.373626 0.029297 0.021978
0 0.500000 0.373626 0.029297 0.021978
0 0.525879 0.373626 0.030273 0.021978
