0 0.471191 0.904396 0.038086 0.031502
0 0.625488 0.904029 0.038086 0.032234
0 0.738281 0.903663 0.039062 0.031502
0 0.583984 0.903663 0.037109 0.031502
0 0.666504 0.903663 0.038086 0.031502
0 0.471680 0.869963 0.037109 0.031502
0 0.430664 0.903663 0.037109 0.031502
0 0.624512 0.869231 0.038086 0.031502
0 0.349121 0.903297 0.038086 0.030769
0 0.860352 0.902930 0.039062 0.031502
0 0.819824 0.902930 0.038086 0.031502
0 0.543457 0.904029 0.038086 0.032234
0 0.665527 0.869597 0.038086 0.030769
0 0.542969 0.869597 0.037109 0.030769
0 0.778809 0.903663 0.038086 0.031502
0 0.390137 0.903663 0.038086 0.031502
0 0.431641 0.869597 0.037109 0.030769
0 0.857910 0.868864 0.038086 0.030769
0 0.157715 0.902564 0.038086 0.030769
0 0.817383 0.868864 0.039062 0.030769
0 0.542969 0.835531 0.037109 0.031502
0 0.736816 0.869597 0.038086 0.030769
0 0.583984 0.869231 0.037109 0.031502
0 0.158691 0.869597 0.038086 0.030769
0 0.471680 0.835897 0.037109 0.030769
0 0.776855 0.869231 0.038086 0.031502
0 0.350098 0.869231 0.038086 0.031502
0 0.431641 0.835897 0.037109 0.030769
0 0.351074 0.835897 0.038086 0.030769
0 0.278320 0.902930 0.037109 0.031502
0 0.583008 0.835165 0.037109 0.030769
0 0.159668 0.836996 0.038086 0.030037
0 0.623535 0.835165 0.038086 0.030769
0 0.664062 0.835165 0.037109 0.030769
0 0.734863 0.835531 0.038086 0.031502
0 0.390625 0.869231 0.037109 0.031502
0 0.391602 0.835897 0.037109 0.030769
0 0.160645 0.804396 0.038086 0.030769
0 0.855957 0.835165 0.038086 0.030769
0 0.198730 0.901832 0.038086 0.030769
0 0.815430 0.835531 0.039062 0.030037
0 0.161621 0.771795 0.038086 0.030037
0 0.162598 0.739560 0.038086 0.030037
0 0.774902 0.835165 0.038086 0.030769
0 0.279785 0.868864 0.038086 0.030769
0 0.238770 0.902198 0.038086 0.031502
0 0.352051 0.802564 0.038086 0.030037
0 0.200684 0.836264 0.038086 0.030037
0 0.662598 0.801832 0.038086 0.030037
0 0.282227 0.802564 0.037109 0.030037
0 0.239746 0.868864 0.038086 0.030769
0 0.432617 0.802198 0.037109 0.030769
0 0.472656 0.802198 0.037109 0.030769
0 0.241211 0.835531 0.037109 0.030037
0 0.623047 0.801832 0.037109 0.030037
0 0.281250 0.835897 0.037109 0.030769
0 0.199707 0.868864 0.038086 0.030769
0 0.733398 0.801832 0.037109 0.030037
0 0.353027 0.769597 0.038086 0.030037
0 0.202637 0.771062 0.038086 0.030037
0 0.582031 0.801832 0.037109 0.030037
0 0.542480 0.802198 0.036133 0.030769
0 0.622070 0.768864 0.037109 0.030037
0 0.201660 0.803297 0.038086 0.030037
0 0.542480 0.768864 0.036133 0.030037
0 0.852051 0.769597 0.038086 0.030037
0 0.662109 0.768864 0.037109 0.030037
0 0.854004 0.802564 0.038086 0.030037
0 0.582031 0.768864 0.037109 0.030037
0 0.813965 0.802564 0.038086 0.030037
0 0.163574 0.707692 0.038086 0.029304
0 0.392578 0.802198 0.037109 0.030769
0 0.203125 0.738828 0.037109 0.030037
0 0.204102 0.706960 0.037109 0.029304
0 0.773438 0.802198 0.037109 0.030769
0 0.241699 0.803297 0.038086 0.030037
0 0.812012 0.769597 0.038086 0.030037
0 0.242676 0.770330 0.038086 0.030037
0 0.581543 0.736630 0.036133 0.030037
0 0.283203 0.769963 0.037109 0.029304
0 0.850586 0.737363 0.037109 0.030037
0 0.849609 0.705495 0.037109 0.029304
0 0.810547 0.736996 0.037109 0.029304
0 0.731934 0.768864 0.038086 0.030037
0 0.164551 0.675458 0.038086 0.029304
0 0.472656 0.768864 0.037109 0.030037
0 0.165527 0.643956 0.038086 0.029304
0 0.621094 0.736630 0.037109 0.030037
0 0.730469 0.736630 0.037109 0.030037
0 0.353516 0.737363 0.037109 0.030037
0 0.432617 0.768864 0.037109 0.030037
0 0.284180 0.706227 0.037109 0.029304
0 0.661133 0.736630 0.037109 0.030037
0 0.771484 0.769231 0.037109 0.029304
0 0.392578 0.769597 0.037109 0.030037
0 0.541992 0.736630 0.037109 0.030037
0 0.243164 0.738462 0.037109 0.029304
0 0.848633 0.673993 0.037109 0.029304
0 0.433105 0.736996 0.036133 0.029304
0 0.770508 0.736996 0.037109 0.029304
0 0.621094 0.704762 0.037109 0.029304
0 0.284180 0.738095 0.037109 0.030037
0 0.393555 0.737363 0.037109 0.030037
0 0.472656 0.736630 0.037109 0.030037
0 0.660645 0.704762 0.036133 0.029304
0 0.581543 0.704762 0.036133 0.029304
0 0.847656 0.611355 0.037109 0.028571
0 0.354492 0.705495 0.037109 0.029304
0 0.205078 0.675458 0.037109 0.029304
0 0.245117 0.674725 0.037109 0.029304
0 0.809570 0.705495 0.037109 0.029304
0 0.166992 0.612454 0.037109 0.029304
0 0.244141 0.706593 0.037109 0.030037
0 0.394043 0.705495 0.036133 0.029304
0 0.354492 0.673993 0.037109 0.029304
0 0.168945 0.519048 0.037109 0.028571
0 0.285156 0.674725 0.037109 0.029304
0 0.808594 0.673626 0.037109 0.028571
0 0.846680 0.549084 0.037109 0.028571
0 0.620605 0.673260 0.036133 0.029304
0 0.394043 0.673993 0.036133 0.029304
0 0.807617 0.611355 0.037109 0.028571
0 0.729492 0.673260 0.037109 0.029304
0 0.206055 0.643590 0.037109 0.028571
0 0.769531 0.704762 0.037109 0.029304
0 0.169922 0.457509 0.037109 0.028571
0 0.285156 0.643223 0.037109 0.029304
0 0.167480 0.581319 0.038086 0.028571
0 0.847656 0.642491 0.037109 0.029304
0 0.729980 0.704762 0.036133 0.029304
0 0.806641 0.549084 0.037109 0.028571
0 0.245605 0.643223 0.036133 0.029304
0 0.207031 0.612454 0.037109 0.029304
0 0.808594 0.642125 0.037109 0.028571
0 0.246094 0.612088 0.037109 0.028571
0 0.541992 0.704762 0.037109 0.029304
0 0.769043 0.673626 0.036133 0.028571
0 0.729004 0.642125 0.036133 0.028571
0 0.659668 0.642125 0.036133 0.028571
0 0.354980 0.642857 0.036133 0.028571
0 0.473145 0.611355 0.036133 0.028571
0 0.434082 0.611355 0.036133 0.028571
0 0.395020 0.580586 0.036133 0.028571
0 0.355957 0.549817 0.036133 0.028571
0 0.208496 0.519048 0.036133 0.028571
0 0.473145 0.642125 0.036133 0.028571
0 0.473145 0.673626 0.036133 0.028571
0 0.247559 0.549817 0.036133 0.028571
0 0.433594 0.705128 0.037109 0.028571
0 0.620605 0.642125 0.036133 0.028571
0 0.768066 0.611355 0.038086 0.028571
0 0.286621 0.549817 0.036133 0.028571
0 0.845703 0.518315 0.037109 0.028571
0 0.395020 0.549817 0.036133 0.028571
0 0.473145 0.704762 0.036133 0.029304
0 0.767090 0.549084 0.036133 0.028571
0 0.728027 0.549084 0.036133 0.028571
0 0.169434 0.488278 0.036133 0.028571
0 0.659668 0.673260 0.036133 0.029304
0 0.846191 0.198535 0.036133 0.029304
0 0.286133 0.612088 0.037109 0.028571
0 0.768555 0.642125 0.037109 0.028571
0 0.845703 0.487546 0.037109 0.028571
0 0.433594 0.673626 0.037109 0.028571
0 0.208008 0.549817 0.037109 0.028571
0 0.434082 0.580586 0.036133 0.028571
0 0.167969 0.550183 0.037109 0.029304
0 0.845703 0.229670 0.037109 0.028571
0 0.809082 0.198901 0.036133 0.028571
0 0.394043 0.642857 0.036133 0.028571
0 0.355469 0.580586 0.037109 0.028571
0 0.207031 0.580952 0.037109 0.029304
0 0.845215 0.260440 0.036133 0.028571
0 0.287109 0.519048 0.037109 0.028571
0 0.286133 0.580586 0.037109 0.028571
0 0.845215 0.456777 0.036133 0.028571
0 0.248535 0.488278 0.036133 0.028571
0 0.846680 0.580220 0.037109 0.027839
0 0.513184 0.231868 0.036133 0.028571
0 0.845215 0.309524 0.036133 0.028571
0 0.728516 0.611355 0.037109 0.028571
0 0.659668 0.611355 0.036133 0.028571
0 0.354980 0.611722 0.036133 0.029304
0 0.434082 0.642491 0.036133 0.029304
0 0.806152 0.518315 0.036133 0.028571
0 0.355957 0.519048 0.036133 0.028571
0 0.473145 0.580586 0.036133 0.028571
0 0.287598 0.488278 0.036133 0.028571
0 0.696777 0.261905 0.036133 0.028571
0 0.770996 0.261172 0.036133 0.028571
0 0.248047 0.519048 0.037109 0.028571
0 0.733887 0.230403 0.036133 0.028571
0 0.728027 0.579853 0.036133 0.028571
0 0.209473 0.457509 0.036133 0.028571
0 0.620117 0.611355 0.037109 0.028571
0 0.770996 0.230403 0.036133 0.028571
0 0.806641 0.579853 0.037109 0.028571
0 0.660645 0.200366 0.036133 0.028571
0 0.734375 0.199634 0.037109 0.028571
0 0.581543 0.673260 0.036133 0.029304
0 0.623535 0.200733 0.036133 0.029304
0 0.808105 0.261172 0.036133 0.028571
0 0.434082 0.549817 0.036133 0.028571
0 0.541504 0.642125 0.036133 0.028571
0 0.356934 0.457509 0.036133 0.028571
0 0.808105 0.230037 0.036133 0.029304
0 0.541504 0.611355 0.036133 0.028571
0 0.513184 0.262637 0.036133 0.028571
0 0.619629 0.457143 0.036133 0.027839
0 0.248535 0.457509 0.036133 0.028571
0 0.541504 0.673260 0.036133 0.029304
0 0.209473 0.488278 0.036133 0.028571
0 0.771973 0.199267 0.036133 0.029304
0 0.581055 0.642125 0.035156 0.028571
0 0.658691 0.457143 0.036133 0.027839
0 0.513184 0.201099 0.036133 0.028571
0 0.696777 0.231136 0.036133 0.028571
0 0.581055 0.611355 0.035156 0.028571
0 0.806152 0.487912 0.036133 0.029304
0 0.247070 0.580952 0.037109 0.029304
0 0.512695 0.310989 0.035156 0.028571
0 0.727539 0.457143 0.037109 0.027839
0 0.619629 0.487912 0.036133 0.027839
0 0.549316 0.310989 0.036133 0.028571
0 0.394531 0.611722 0.037109 0.029304
0 0.767578 0.579853 0.037109 0.028571
0 0.658691 0.487912 0.036133 0.027839
0 0.733887 0.261905 0.036133 0.028571
0 0.659668 0.310623 0.036133 0.027839
0 0.619629 0.518681 0.036133 0.027839
0 0.808105 0.309524 0.036133 0.028571
0 0.473145 0.549817 0.036133 0.028571
0 0.435059 0.457509 0.036133 0.028571
0 0.619629 0.549084 0.036133 0.028571
0 0.623535 0.231868 0.036133 0.028571
0 0.585938 0.262637 0.035156 0.028571
0 0.549805 0.262637 0.035156 0.028571
0 0.585938 0.231868 0.035156 0.028571
0 0.395020 0.519048 0.036133 0.028571
0 0.733887 0.310256 0.036133 0.028571
0 0.697754 0.200000 0.036133 0.029304
0 0.395996 0.457509 0.036133 0.028571
0 0.287598 0.457509 0.036133 0.028571
0 0.658691 0.518681 0.036133 0.027839
0 0.622559 0.310989 0.036133 0.028571
0 0.585938 0.310989 0.035156 0.028571
0 0.660156 0.231136 0.035156 0.028571
0 0.355957 0.488278 0.036133 0.028571
0 0.659668 0.261905 0.036133 0.028571
0 0.658691 0.549084 0.036133 0.028571
0 0.767090 0.518315 0.036133 0.028571
0 0.805664 0.456777 0.037109 0.028571
0 0.696777 0.310256 0.036133 0.028571
0 0.435059 0.487912 0.036133 0.027839
0 0.549805 0.231868 0.035156 0.028571
0 0.728027 0.518681 0.036133 0.027839
0 0.659668 0.579853 0.036133 0.028571
0 0.622559 0.262637 0.036133 0.028571
0 0.586426 0.201099 0.036133 0.028571
0 0.620117 0.580220 0.037109 0.027839
0 0.580566 0.487912 0.036133 0.027839
0 0.766113 0.456777 0.036133 0.028571
0 0.395020 0.488278 0.036133 0.028571
0 0.541504 0.580586 0.036133 0.028571
0 0.580566 0.549084 0.036133 0.028571
0 0.434082 0.518681 0.036133 0.027839
0 0.474121 0.457509 0.036133 0.028571
0 0.580566 0.518681 0.036133 0.027839
0 0.473145 0.518681 0.036133 0.027839
0 0.550293 0.201099 0.036133 0.028571
0 0.767090 0.487546 0.036133 0.028571
0 0.580566 0.580220 0.036133 0.027839
0 0.727051 0.487912 0.036133 0.027839
0 0.541504 0.487912 0.036133 0.027839
0 0.580566 0.457143 0.036133 0.027839
0 0.541992 0.457509 0.035156 0.028571
0 0.541992 0.549084 0.035156 0.028571
0 0.541992 0.518681 0.035156 0.027839
0 0.473633 0.487912 0.035156 0.027839
0 0.770508 0.309890 0.035156 0.027839
0 0.539551 0.363370 0.026367 0.019048
0 0.486328 0.383883 0.025391 0.019048
0 0.486328 0.404396 0.025391 0.019048
0 0.459961 0.383883 0.025391 0.019048
0 0.513672 0.363370 0.025391 0.019048
0 0.513184 0.383883 0.026367 0.019048
0 0.486328 0.363370 0.025391 0.019048
0 0.540039 0.383883 0.025391 0.019048
0 0.459961 0.363370 0.025391 0.019048
0 0.540039 0.404396 0.025391 0.019048
0 0.513184 0.404396 0.026367 0.019048
0 0.459961 0.404396 0.025391 0.019048
