0 0.885742 0.906227 0.041016 0.032234
0 0.842285 0.905495 0.040039 0.032234
0 0.799316 0.904762 0.040039 0.032234
0 0.883301 0.870696 0.040039 0.031502
0 0.756836 0.904029 0.039062 0.032234
0 0.755371 0.869231 0.040039 0.031502
0 0.881348 0.836264 0.040039 0.031502
0 0.682617 0.902930 0.039062 0.031502
0 0.483887 0.903663 0.038086 0.031502
0 0.442383 0.903663 0.039062 0.031502
0 0.840332 0.870330 0.040039 0.032234
0 0.357910 0.904029 0.038086 0.032234
0 0.797852 0.869963 0.039062 0.031502
0 0.754395 0.834799 0.040039 0.031502
0 0.399902 0.903663 0.038086 0.031502
0 0.640137 0.901832 0.038086 0.032234
0 0.358887 0.869231 0.038086 0.031502
0 0.681641 0.868498 0.039062 0.031502
0 0.838379 0.835531 0.040039 0.031502
0 0.284668 0.904762 0.038086 0.032234
0 0.639648 0.867399 0.039062 0.032234
0 0.680664 0.834066 0.039062 0.031502
0 0.243652 0.904029 0.038086 0.032234
0 0.796387 0.835531 0.040039 0.031502
0 0.359375 0.834799 0.039062 0.031502
0 0.879395 0.802198 0.040039 0.030769
0 0.483887 0.869231 0.038086 0.031502
0 0.161133 0.903297 0.039062 0.030769
0 0.598145 0.901099 0.038086 0.030769
0 0.752930 0.800733 0.039062 0.030769
0 0.163086 0.835897 0.039062 0.030769
0 0.245117 0.869231 0.039062 0.031502
0 0.400879 0.869231 0.038086 0.031502
0 0.400879 0.834799 0.038086 0.031502
0 0.162109 0.869597 0.039062 0.030769
0 0.483887 0.834432 0.038086 0.030769
0 0.638672 0.833333 0.039062 0.031502
0 0.836914 0.801465 0.039062 0.030769
0 0.202637 0.903663 0.038086 0.031502
0 0.557129 0.901832 0.038086 0.032234
0 0.597168 0.832967 0.038086 0.030769
0 0.794922 0.801465 0.039062 0.030769
0 0.751953 0.767033 0.039062 0.030769
0 0.877930 0.768498 0.039062 0.030769
0 0.442871 0.834432 0.038086 0.030769
0 0.679688 0.800000 0.039062 0.030769
0 0.875977 0.702198 0.039062 0.030037
0 0.359863 0.800733 0.038086 0.030769
0 0.835938 0.767766 0.039062 0.030769
0 0.204590 0.835165 0.038086 0.030769
0 0.442383 0.869231 0.039062 0.031502
0 0.442871 0.800366 0.038086 0.031502
0 0.245605 0.835165 0.038086 0.030769
0 0.834961 0.734799 0.039062 0.030769
0 0.598145 0.866667 0.038086 0.030769
0 0.285645 0.869597 0.038086 0.032234
0 0.875000 0.669231 0.039062 0.030037
0 0.163574 0.802198 0.038086 0.030769
0 0.360840 0.767033 0.038086 0.030769
0 0.876953 0.735165 0.039062 0.030037
0 0.203613 0.869231 0.038086 0.031502
0 0.556152 0.833333 0.038086 0.031502
0 0.287109 0.835165 0.039062 0.030769
0 0.556152 0.867399 0.038086 0.032234
0 0.164062 0.769231 0.039062 0.030769
0 0.793945 0.767766 0.039062 0.030769
0 0.247559 0.767766 0.038086 0.030769
0 0.246582 0.801465 0.038086 0.030769
0 0.638184 0.800000 0.038086 0.030769
0 0.165527 0.735897 0.038086 0.030037
0 0.401367 0.800733 0.037109 0.030769
0 0.483887 0.800000 0.038086 0.030769
0 0.597168 0.799267 0.038086 0.030769
0 0.750977 0.734066 0.039062 0.030769
0 0.205078 0.801832 0.039062 0.030037
0 0.792969 0.734432 0.039062 0.030037
0 0.206543 0.735531 0.038086 0.030769
0 0.679199 0.766300 0.038086 0.030769
0 0.206055 0.768498 0.039062 0.030769
0 0.289551 0.734432 0.038086 0.030037
0 0.555664 0.799634 0.037109 0.031502
0 0.166016 0.702930 0.039062 0.030037
0 0.442871 0.766300 0.038086 0.030769
0 0.831543 0.604029 0.038086 0.030037
0 0.791992 0.701465 0.039062 0.030037
0 0.678223 0.733700 0.038086 0.030037
0 0.830566 0.539560 0.038086 0.030037
0 0.288574 0.801099 0.038086 0.030037
0 0.288574 0.767399 0.038086 0.030037
0 0.248535 0.734799 0.038086 0.030769
0 0.750000 0.668498 0.039062 0.030037
0 0.870605 0.204762 0.038086 0.030037
0 0.401855 0.767033 0.038086 0.030769
0 0.248535 0.702198 0.038086 0.030037
0 0.750488 0.701465 0.038086 0.030037
0 0.790527 0.636264 0.038086 0.030037
0 0.870605 0.237729 0.038086 0.030037
0 0.637695 0.766300 0.037109 0.030769
0 0.555664 0.766300 0.037109 0.030769
0 0.833984 0.701832 0.039062 0.030769
0 0.872559 0.571795 0.038086 0.030037
0 0.596680 0.765934 0.037109 0.030037
0 0.402344 0.733700 0.037109 0.030037
0 0.873535 0.604029 0.038086 0.030037
0 0.483887 0.766300 0.038086 0.030769
0 0.872070 0.539560 0.039062 0.030037
0 0.361328 0.733700 0.037109 0.030037
0 0.207520 0.702930 0.038086 0.030037
0 0.555176 0.732967 0.038086 0.030037
0 0.443359 0.733333 0.037109 0.030769
0 0.833008 0.669231 0.039062 0.030037
0 0.874023 0.636630 0.039062 0.029304
0 0.753418 0.239194 0.038086 0.030037
0 0.596191 0.732967 0.038086 0.030037
0 0.637207 0.733333 0.038086 0.030769
0 0.870605 0.288278 0.038086 0.030037
0 0.753418 0.206960 0.038086 0.030037
0 0.208496 0.669963 0.038086 0.030037
0 0.167480 0.637729 0.038086 0.030037
0 0.166992 0.670696 0.039062 0.030037
0 0.168457 0.605495 0.038086 0.030037
0 0.753418 0.290110 0.038086 0.029304
0 0.749512 0.636264 0.038086 0.030037
0 0.871582 0.507326 0.038086 0.030037
0 0.832520 0.636264 0.038086 0.030037
0 0.636719 0.700733 0.037109 0.030037
0 0.829590 0.443223 0.038086 0.029304
0 0.677734 0.668498 0.037109 0.030037
0 0.871582 0.172527 0.038086 0.030037
0 0.169434 0.541392 0.038086 0.029304
0 0.595703 0.700733 0.037109 0.030037
0 0.443359 0.700733 0.037109 0.030037
0 0.832031 0.173260 0.037109 0.030037
0 0.791504 0.668864 0.038086 0.029304
0 0.753906 0.174725 0.037109 0.030037
0 0.792969 0.173993 0.037109 0.030037
0 0.748535 0.604029 0.038086 0.030037
0 0.678223 0.700733 0.038086 0.030037
0 0.790527 0.604029 0.038086 0.030037
0 0.208496 0.637729 0.038086 0.030037
0 0.871582 0.475092 0.038086 0.030037
0 0.788574 0.443223 0.038086 0.029304
0 0.714844 0.175458 0.037109 0.030037
0 0.792480 0.206227 0.038086 0.030037
0 0.636719 0.668498 0.037109 0.030037
0 0.747559 0.475458 0.038086 0.029304
0 0.677246 0.636264 0.038086 0.030037
0 0.831543 0.205495 0.038086 0.030037
0 0.361816 0.701465 0.038086 0.030037
0 0.831543 0.238095 0.038086 0.029304
0 0.249512 0.669963 0.038086 0.030037
0 0.249512 0.637363 0.038086 0.029304
0 0.789551 0.539560 0.038086 0.030037
0 0.714844 0.207692 0.037109 0.030037
0 0.595703 0.668498 0.037109 0.030037
0 0.748535 0.571795 0.038086 0.030037
0 0.788574 0.475458 0.038086 0.029304
0 0.290039 0.702198 0.037109 0.030037
0 0.829590 0.475458 0.038086 0.029304
0 0.637695 0.176923 0.037109 0.030037
0 0.290039 0.669231 0.037109 0.030037
0 0.170410 0.477656 0.038086 0.029304
0 0.484375 0.733333 0.037109 0.030769
0 0.402344 0.701099 0.037109 0.029304
0 0.443359 0.604396 0.037109 0.029304
0 0.831055 0.571795 0.039062 0.030037
0 0.748047 0.539927 0.037109 0.029304
0 0.635742 0.539927 0.037109 0.029304
0 0.789062 0.507692 0.037109 0.029304
0 0.748047 0.507692 0.037109 0.029304
0 0.402344 0.668864 0.037109 0.029304
0 0.291016 0.605128 0.037109 0.029304
0 0.250000 0.605128 0.037109 0.029304
0 0.635742 0.604396 0.037109 0.029304
0 0.554688 0.604396 0.037109 0.029304
0 0.291016 0.572894 0.037109 0.029304
0 0.635742 0.572161 0.037109 0.029304
0 0.554688 0.572161 0.037109 0.029304
0 0.676758 0.539927 0.037109 0.029304
0 0.554688 0.668132 0.037109 0.029304
0 0.209961 0.541392 0.037109 0.029304
0 0.443359 0.540659 0.037109 0.029304
0 0.555176 0.700366 0.038086 0.029304
0 0.677246 0.604029 0.038086 0.030037
0 0.675781 0.443956 0.037109 0.029304
0 0.209473 0.605495 0.038086 0.030037
0 0.594727 0.508425 0.037109 0.029304
0 0.362305 0.445421 0.037109 0.029304
0 0.483398 0.540659 0.037109 0.029304
0 0.362305 0.540659 0.037109 0.029304
0 0.637695 0.291575 0.037109 0.029304
0 0.636230 0.636264 0.038086 0.030037
0 0.483398 0.476923 0.037109 0.029304
0 0.676270 0.176190 0.038086 0.030037
0 0.362305 0.636630 0.037109 0.029304
0 0.831543 0.289011 0.038086 0.030037
0 0.250977 0.541392 0.037109 0.029304
0 0.361816 0.668864 0.038086 0.029304
0 0.443359 0.668498 0.037109 0.030037
0 0.402344 0.636630 0.037109 0.029304
0 0.747559 0.443590 0.038086 0.030037
0 0.553711 0.444689 0.037109 0.029304
0 0.168945 0.573626 0.037109 0.029304
0 0.676758 0.572161 0.037109 0.029304
0 0.443359 0.636630 0.037109 0.029304
0 0.443359 0.476923 0.037109 0.029304
0 0.637695 0.209158 0.037109 0.030037
0 0.362305 0.509158 0.037109 0.029304
0 0.554688 0.635897 0.037109 0.029304
0 0.789551 0.571795 0.038086 0.030037
0 0.594727 0.539927 0.037109 0.029304
0 0.210938 0.477656 0.037109 0.029304
0 0.483398 0.572161 0.037109 0.029304
0 0.830566 0.507692 0.038086 0.029304
0 0.595703 0.636264 0.037109 0.030037
0 0.362305 0.572894 0.037109 0.029304
0 0.362305 0.604762 0.037109 0.030037
0 0.595215 0.572161 0.038086 0.029304
0 0.594727 0.444689 0.037109 0.029304
0 0.483398 0.604396 0.037109 0.029304
0 0.676270 0.208425 0.038086 0.030037
0 0.714844 0.290476 0.037109 0.030037
0 0.637695 0.241026 0.037109 0.029304
0 0.290527 0.636996 0.038086 0.030037
0 0.870605 0.442857 0.038086 0.030037
0 0.594727 0.476190 0.037109 0.029304
0 0.170410 0.445421 0.038086 0.029304
0 0.792480 0.238462 0.038086 0.030037
0 0.250977 0.509158 0.037109 0.029304
0 0.675781 0.476190 0.037109 0.029304
0 0.250488 0.572894 0.038086 0.029304
0 0.714844 0.239927 0.037109 0.030037
0 0.635254 0.476190 0.038086 0.029304
0 0.676270 0.240659 0.038086 0.030037
0 0.402344 0.604762 0.037109 0.030037
0 0.554688 0.508425 0.037109 0.029304
0 0.595215 0.604396 0.038086 0.029304
0 0.792480 0.289377 0.038086 0.029304
0 0.483398 0.508425 0.037109 0.029304
0 0.483398 0.700733 0.037109 0.030037
0 0.635742 0.508425 0.037109 0.029304
0 0.250977 0.477656 0.037109 0.029304
0 0.443359 0.572161 0.037109 0.029304
0 0.402344 0.540659 0.037109 0.029304
0 0.483887 0.668132 0.038086 0.029304
0 0.169434 0.509524 0.038086 0.028571
0 0.291992 0.445421 0.037109 0.029304
0 0.362305 0.477289 0.037109 0.028571
0 0.210938 0.445788 0.037109 0.028571
0 0.483398 0.445055 0.037109 0.028571
0 0.209473 0.573626 0.038086 0.029304
0 0.634766 0.443956 0.037109 0.029304
0 0.676270 0.507692 0.038086 0.029304
0 0.443359 0.508791 0.037109 0.028571
0 0.291992 0.509158 0.037109 0.029304
0 0.522949 0.242491 0.036133 0.029304
0 0.522949 0.178755 0.036133 0.029304
0 0.554688 0.540659 0.037109 0.029304
0 0.599121 0.177656 0.036133 0.030037
0 0.291016 0.541026 0.037109 0.030037
0 0.561523 0.292308 0.037109 0.029304
0 0.402832 0.445421 0.036133 0.029304
0 0.443359 0.445421 0.037109 0.029304
0 0.561035 0.210256 0.036133 0.029304
0 0.561523 0.178755 0.037109 0.029304
0 0.676270 0.290842 0.038086 0.029304
0 0.599121 0.241758 0.036133 0.029304
0 0.250977 0.445421 0.037109 0.029304
0 0.483398 0.636264 0.037109 0.030037
0 0.599121 0.209890 0.036133 0.030037
0 0.599609 0.292308 0.037109 0.029304
0 0.554199 0.476557 0.038086 0.028571
0 0.210449 0.509158 0.038086 0.029304
0 0.561523 0.242491 0.037109 0.029304
0 0.402344 0.476923 0.037109 0.029304
0 0.291992 0.477289 0.037109 0.028571
0 0.522949 0.210623 0.036133 0.030037
0 0.402344 0.509158 0.037109 0.029304
0 0.402344 0.572894 0.037109 0.029304
0 0.523438 0.293040 0.037109 0.029304
0 0.551270 0.368132 0.026367 0.019780
0 0.551270 0.389377 0.026367 0.019780
0 0.523926 0.389377 0.026367 0.019780
0 0.523926 0.347619 0.026367 0.019780
0 0.468262 0.347619 0.026367 0.019780
0 0.523926 0.368132 0.026367 0.019780
0 0.551270 0.346886 0.026367 0.019780
0 0.495605 0.347619 0.026367 0.019780
0 0.495605 0.368498 0.026367 0.019048
0 0.468750 0.390110 0.025391 0.019780
0 0.496094 0.389377 0.025391 0.019780
0 0.468750 0.368864 0.025391 0.019780
